弟子ID	弟子名	形象ID	描述	性别（1：男;2女）	属性偏向	弟子品质（1：丁;2：丙;3：乙;4：甲	天赋武学	初始气血	初始武功	初始内力	初始身法	初始防御	初始真气	气血成长	武功成长	内力成长	身法成长	防御成长	真气成长	招募所需魂魄数量	突破所需魂魄数量	初始命中	初始闪避	初始暴击	初始抗暴	初始会心	命中成长	闪避成长	暴击成长	抗暴成长	会心成长	招募转换魂魄数量	技能图片	身价	缘分ID	普通攻击效果	普通攻击帧频
id	name	showId	discripor	xingBie	pianXiang	pingZhi	tianFuId	hp	wuLi	neiLi	shenFa	fangYu	zhenQi	hpChengZhang	wuLiChengZhang	neiLiChengZhang	shenFaChengZhang	fangYuChengZhang	zhenQiChengZhang	zhaoMuNum	tuPoNum	mingZhong	shanBi	baoJi	kangBao	huiXing	mingZhongchengZhang	shanBichengZhang	baoJichengZhang	kangBaochengZhang	huiXingchengZhang	hunPoZhuanHuanNum	skillImage	shenJia	yuanFenId	puTongGongJi	puTongGongJiZhenPin
10000	六道仙人	liudaoxianren	吾乃世界安宁秩序的缔造者，将世界导向和平。	1	1	4	110007	352	202	264	235	50	126	5.53	7	13	7	1.45	1.97	36	24;8	0	0	15	0	40	0	0	0	0	0	22	xie	189;6.42	10000;13149;13190;11002;13150;13151	picture_4_fengpg01_shouji	8
10001	九尾鸣人	jiuweimingren	有我在，就有你在。你的未来我无法相让。	1	6	4	500018	275	245	210	121	104	200	6.07	8.85	8.99	5.73	1.5	1.86	36	18;6	0	0	10	20	0	0	0	0	0	0	16	mingren	189;6.42	13126;10000;11043;11017;13148;13119	picture_4_fengpg02_shouji	8
10002	宇智波斑	yuzhiboban	要控制别人，就要学会利用其内心黑暗的技巧。	1	6	4	230007	214	255	418	142	71	117	5.95	8.99	8	6.72	0.69	2.03	36	18;6	0	0	0	0	0	0	0	0	0	0	16	ban	189;6.42	13078;10009;13128;13074;10000;12000	picture_6_huopg_shouji	12
10003	千手柱间	shengdanlaoren	清廉的灵魂，犹如凉风般的村长，壮丽高耸的忍界巅峰，点燃天下太平之火。	1	21	4	500010	433	199	322	56	130	120	10.48	5.5	8.83	2.19	3.2	1.76	36	18;6	0	0	0	0	50	0	0	0	0	0	16	qianshouzhujian	189;6.42	13078;10026;11037;13099;12002;12003	picture_4_shuipg_shouji	8
10004	宇智波鼬	yuzhiboyou	无论村子有多么黑暗，有多少矛盾，我都是木叶的宇智波鼬。	1	2	4	500011	55	210	449	155	0	101	4.07	6.64	9.65	8.7	0.13	1.88	32	18;6	0	40	0	0	40	0	0	0	0	0	16	yuzhiboyou	189;6.42	13123;10009;13120;11012;13080;13083	picture_6_huopg_shouji	12
10005	长门	changmen	总有一天，我会尝试着解开这个诅咒。如果和平真的存在，那么就让我来实现它。	1	1	4	500012	253	169	253	169	50	107	6.24	6.24	10.17	5.19	1.8	1.84	28	15;5	0	0	15	0	30	0	0	0	0	0	13	changmen	189;6.42	10005;10006;10076;10062;13097;12025	picture_4_fengpg01_shouji	8
10006	宇智波佐助	zuozhu2	我早已闭上了眼睛，光明根本就不存在了。	1	12	4	330007	249	177	187	227	83	106	5.57	7.46	7.17	8.1	1.36	1.85	28	15;5	0	5	5	0	5	0	0	0	0	0	13	zuozhu	189;6.42	10000;10010;12005;11010;10009;13143	picture_4_leipg_shouji	8
10007	波风水门	sidai	火之国木叶忍者村第四代火影，人称“木叶的金色闪光”，将九尾封印的英雄，漩涡鸣人的父亲，自来也的徒弟。	1	24	4	330012	291	239	343	394	131	112	5.03	8.23	5.42	9.96	0.62	1.81	32	15;5	20	0	0	0	60	0	0	0	0	0	13	bofengshuimen	189;6.42	10011;10026;11017;11038;13077;13005	picture_4_fengpg02_shouji	8
10008	宇智波止水	yuzhibozhishui	牺牲自我，在暗处默默守护和平的无名忍者，才是真正的忍者。	1	9	4	800002	251	221	188	167	83	106	5.97	6.41	3.35	5.99	1.99	1.85	22	14;5	10	0	5	0	0	0	0	0	0	0	12	yuzhibo	189;6.42	10051;10071;11018;11019;12005;13040	picture_6_huopg_shouji	12
10009	大蛇丸	dashewan	只有活下去，才能找到有趣的事物…就像你找到了这朵花，就像我找到了你。	1	1	4	500014	50	10	10	10	10	90	6.51	8.01	11.51	7.14	0.94	2.45	24	17;6	10	0	10	0	0	0	0	0	0	0	15	dashewan	189;6.42	10006;10012;10013;11011;12008;13002	picture_4_fengpg01_shouji	8
10010	我爱罗	woailuo1	风之国砂隐村的第五代风影，如果只是等待，就只会遇到更大的痛苦。我必须努力，并且靠自己的力量找出一条路。	1	1	4	230002	287	77	266	38	69	103	5.24	5.18	8.17	5.5	2.3	1.87	20	15;5	0	10	0	0	5	0	0	0	0	0	13	woailuo	189;6.42	10014;10015;11020;11022;12009;10092	picture_7_woailuopugong_shouji	9
10011	赤砂之蝎	xie1	我讨厌等别人，也不喜欢被别人等。	1	7	4	220001	314	180	222	209	104	127	7.21	5.03	8.95	4.82	1.89	2.17	22	15;5	0	0	0	15	0	0	0	0	0	0	13	default	189;6.42	10016;10017;10072;11023;11024;13101	picture_4_dupugong01_shouji	5
10012	自来也	zilaiye	所谓忍者的人生，其价值不是由其怎样活着来决定，是由其到死之前有何作为来决定的。	1	11	4	800003	411	110	299	90	122	125	10.6	3.18	12.3	2.45	1.75	1.73	26	17;6	0	40	10	20	50	0	0	0	0	0	15	zilaiye	189;6.42	10012;10018;11037;13160;13162;13161	picture_6_huopg_shouji	12
10013	千手扉间	qianshoufeijian	火之国木叶忍者村的第二代火影，狂野的斗志，继承初代火影意志的烈火男子，勇敢的大将，兴旺村子的未来。	1	30	4	330012	214	289	329	381	127	133	5.7	5	8.8	9.8	0.62	2.18	26	15;5	0	0	5	0	25	0	0	0	0	0	13	qianshoufeijian	189;6.42	10019;13182;11009;11031;10026;12015	picture_4_shuipg_shouji	8
10014	奇拉比	qilabi	八尾人柱力，四代雷影的弟弟，可以完全控制八尾，实力强劲。	1	31	4	420013	150	101	18	98	100	115	6.4	8.6	7	5.5	2.1	1.77	26	14;5	0	5	5	0	5	0	0	0	0	0	12	default	189;6.42	10021;10022;11032;11100;12016;13126	picture_4_leipg_shouji	8
10015	四代雷影	sidaileiying	雷之国云忍者村的第四代雷影，拥有惊人的力量和速度，会使用将雷遁查克拉覆盖在身上并发动直接攻击的“忍体术”。	1	24	4	420004	247	142	185	349	179	105	6.1	6.2	3.3	8.9	2	1.86	28	14;5	5	0	0	0	10	0	0	0	0	0	12	default	189;6.42	10022;10023;11031;11033;12017;10092	picture_4_leipg_shouji	8
10016	大轩	daxuan	土之国岩忍者村的第三代土影，身材矮小，性格倔强，脾气固执，是唯一与宇智波斑交过手仍在世的忍者，并且是忍者中会飞的人之一。	1	6	4	410017	202	231	302	50	80	126	2.63	5.5	8.45	5.44	1.7	1.72	22	12;4	0	0	5	0	10	0	0	0	0	0	10	moren1	189;6.42	10024;10025;11035;10092;12018;12019	picture_4_tupugong01_shouji	5
10017	猿飞日斩	sandaiyuanfei	只要有树叶飞舞的地方，火就会燃烧。火的影子会照耀着村子，并且让新的树叶发芽。	1	5	4	500014	135	311	227	155	0	109	3.77	7.89	7.82	4.3	1.54	1.9	28	15;5	10	0	15	0	15	0	0	0	0	0	13	sandaihuoying	189;6.42	13182;10026;10037;11039;11009;13177	picture_6_huopg_shouji	12
10018	千手纲手	gangshou	有形的东西迟早会凋零，但只有回忆是永远不会凋零的。	2	5	4	130011	278	175	189	155	94	170	6.55	8.48	7.69	2.87	1.83	1.7	26	17;6	10	0	0	0	10	0	0	0	0	0	15	gangshou	189;6.42	10012;10026;11037;10092;13121;12021	picture_6_quanjiaopg04_shouji	12
10019	照美冥	zhaomeiming	水之国雾隐村的第五代水影，是位十分美貌且妖娆的成熟女性，而在美丽的外表下却隐藏着十分高深的实力。	2	1	4	320008	245	141	183	163	81	104	8.63	4.23	9.64	4.81	2.82	1.86	22	17;6	0	0	15	0	15	0	0	0	0	0	15	moren1	189;6.42	10027;11014;11015;10092;12027;13102	picture_4_shuipg_shouji	8
10020	阿凯	akai	木叶的苍蓝猛兽，人称铁血凯。努力吧！年轻人！少年哟，胸怀大志吧！这就是青春！	1	3	4	500016	254	397	0	177	51	93	5.36	10.31	0	7.52	0.87	1.72	24	18;6	5	0	10	0	0	0	0	0	0	0	16	moren1	189;6.42	10029;10030;11051;13122;10048;13103	picture_3_quanjiaopg01_shouji	6
10021	桃地再不斩	taomuzaibuzhan	雾忍者村“忍刀七人众”之一，断刀“斩首大刀”的使用者。	1	18	4	110004	341	145	278	152	129	108	7.87	6.32	5.48	0.87	1.98	1.84	20	14;5	0	0	15	0	0	0	0	0	0	0	12	zaibuzhan	189;6.42	10031;10032;10074;11046;12030;12031	picture_4_shuipg_shouji	8
10022	飞段	feiduan	真的假的，在血与暗的深渊里。	1	5	4	420014	311	190	233	177	103	115	6.82	5.5	6.21	3.76	1.3	1.79	20	12;4	0	10	0	5	0	0	0	0	0	0	10	feiduan	189;6.42	10075;11041;11047;11048;13104;13105	picture_6_daojianpg_shouji	12
10023	干柿鬼鲛	guijiao	雾忍者村“忍刀七人众”之一，“晓”组织一员，雾隐怪人，因其具有强大的查克拉，人称无尾尾兽。	1	1	4	220004	230	132	284	153	76	126	5.66	5.3	9.5	1.4	3.64	1.97	20	12;4	15	0	0	0	0	0	0	0	0	0	10	guijiao	189;6.42	13124;10029;10021;13083;11026;11034	picture_4_shuipg_shouji	8
10024	角都	jiaodu	地狱中的判决，也是看钱说话的，正合我意。	1	22	4	420002	352	202	264	235	50	126	7.53	4.33	5.7	4.09	3.45	2.17	20	12;4	0	0	15	0	0	0	0	0	0	0	10	jiaodu	189;6.42	10016;10075;11049;11040;13106;13107	picture_4_fengpg01_shouji	8
10025	绝	jue	悲伤之时，孑然一身（白绝）；能相信的，唯有自己（黑绝）。	1	5	4	220006	271	155	203	180	90	126	7.35	6.32	8.25	3.71	1.23	1.97	20	12;4	5	5	0	0	5	0	0	0	0	0	10	jue	189;6.42	13189;10016;13144;11028;13191;13088	picture_4_shuipg_shouji	8
10026	小南	nan	下一次，我希望你能开出永不凋谢的希望之花送给我。	2	10	4	130002	284	163	213	189	94	105	5.98	6.92	2.5	7.85	1.99	1.86	22	17;6	0	10	0	5	0	0	0	0	0	0	15	xiaonan	189;6.42	13111;10035;13110;10076;11029;13086	picture_6_quanjiaopg04_shouji	12
10027	迪达拉	didala	颤抖吧！惊叹吧！绝望吧！放声大哭吧！我的艺术就是——喝—爆炸！	1	5	4	800001	271	241	300	68	121	115	6.97	8.01	9.11	3.49	1.53	1.79	20	12;4	0	0	25	0	25	0	0	0	0	0	10	didala	189;6.42	10016;10024;13112;11030;10072;12033	picture_6_huopg_shouji	12
10028	猿飞阿斯马	yuanfeiasima	第三代火影的儿子，木叶丸的叔叔，木叶第十班的领导老师。	1	5	4	200003	277	199	177	210	77	121	4.36	6.48	7.98	5.32	0.84	2.01	20	12;4	5	0	10	0	0	0	0	0	0	0	10	moren1	189;6.42	10037;10038;13129;13090;13104;12035	picture_4_fengpg02_shouji	8
10029	日向日足	rixiangrizu	三大瞳术之一白眼的日向一族的当家，一直为弟弟的死，而感到内疚！	1	21	3	500019	320	166	100	122	100	119	9.68	2.09	3.38	0.99	3.78	2.02	20	15;5	5	0	0	0	5	0	0	0	0	0	13	xie	126;5.33	10040;10039;11067;11099;11075;12048	picture_4_quanjiaopg02_shouji	8
10030	山椒鱼半藏	banzang	前雨之国雨隐村的首领，被忍者世界称为“半神”，为人十分小心谨慎。	1	5	4	500030	301	199	199	47	122	135	6.21	8.79	8.09	2	1.72	2.17	24	17;6	15	0	10	15	5	0	0	0	0	0	12	xie	189;6.42	10041;10042;13183;13179;11099;13178	picture_4_shuipg_shouji	8
10031	志村团藏	tuanzang	火之国木叶村的忍者，木叶暗部的地下组织“根”的领导者，是第二代火影千手扉间的弟子和第三代火影猿飞日斩的竞争对手。	1	18	4	500029	207	119	155	201	155	103	9.55	7.43	2.6	7.56	2.62	1.85	24	17;6	20	15	0	10	0	0	0	0	0	0	15	xie	189;6.42	10041;10051;10071;11055;13185;13182	picture_4_fengpg02_shouji	8
10032	金角	jinjiao	既是雷之国云隐村的传奇又是云隐村史上最可恶的大罪人，兄弟银角，继承了六道仙人的血脉，以及部分九尾查克拉。	1	9	4	500031	349	201	177	175	116	122	7.78	8.55	5.18	7.29	2.26	1.72	18	14;5	0	0	0	10	0	0	0	0	0	0	12	xie	189;6.42	10019;11000;11056;11057;11099;12016	picture_3_quanjiaopg01_shouji	6
10033	银角	yinjiao	既是雷之国云隐村的传奇又是云隐村史上最可恶的大罪人，兄弟金角，继承了六道仙人的血脉，以及部分九尾查克拉	1	8	4	500032	280	171	217	201	88	122	6.86	8.86	6.03	8.31	1.31	2	18	14;5	5	5	0	0	5	0	0	0	0	0	12	xie	189;6.42	10019;11021;12016;11000;11056;11057	picture_3_quanjiaopg01_shouji	6
10034	天秤重吾	tianpingzhongwu	鹰小队成员之一，能够听懂动物的语言。具有双重人格，咒印的来源者，天生拥有能吸取自然能量的能力。	1	5	4	800028	312	194	100	135	99	106	6.91	4.85	8.55	4.51	0.6	1.85	16	12;4	5	0	5	0	20	0	0	0	0	0	10	tianpingzhongwu	189;6.42	10044;10010;13094;13095;12037;13113	picture_4_quanjiaopg02_shouji	8
10035	鬼灯水月	guidengshuiyue	水之国血雾之村走出来的鬼灯一族，为了集齐忍刀七人众的刀而加入佐助的“鹰”小队，和哥哥鬼灯满月一样是用刀的天才。	1	31	4	220010	168	99	101	145	83	101	6.52	7.04	0.85	8.04	0.7	1.88	16	12;4	0	25	0	50	0	0	0	0	0	0	10	guidengshuiyue	189;6.42	10032;10046;10010;10045;11099;12052	picture_4_shuipg_shouji	8
10036	君麻吕	junmalv	辉夜一族最正统血继限界尸骨脉的拥有者，使用者有控制自己骨头的恐怖力量。全族人只留下他一个时的那朵花，美丽、纯洁、孤寂。	1	1	4	120001	219	126	209	126	73	100	6.74	5.43	8.75	2.4	1.89	1.45	16	12;4	0	0	5	5	0	0	0	0	0	0	10	junmalv	189;6.42	10044;10050;11060;13114;13115;13001	picture_6_daojianpg_shouji	12
10037	白	bai	拥有自母亲遗传的冰遁血继限界，人想要保护重要东西的时候，就真的会变得很坚强	1	10	4	220009	322	55	255	0	210	117	5.13	4.97	7.26	6.42	2.74	2.03	16	12;4	0	0	0	10	5	0	0	0	0	0	10	bai	189;6.42	10074;11044;11059;13116;13117	picture_4_shuipg_shouji	8
10038	旗木卡卡西	kakaxi	木叶第一技师，左眼为写轮眼，擅长分析和临战学习忍术，号称复制过上千种忍术的“拷贝忍者”，鸣人的老师。	1	16	4	900008	300	95	220	50	112	118	8.11	4.86	7.57	2.45	2.43	2.03	18	14;5	0	0	0	5	5	0	0	0	0	0	12	kakaxi	189;6.42	10008;10030;10056;11073;11025;13082	picture_4_leipg_shouji	8
10039	佩恩	changmen	知道什么叫历史吗？生长于真相之下，明白过去，预感未来，知道那就叫历史。	1	8	4	130009	371	125	278	152	129	108	8.67	6.32	5.48	0.87	1.48	1.84	4	3;1	0	0	15	0	0	0	0	0	0	0	2	peien	189;6.42	10003;10035;11042;11077;12005;12025	picture_4_shuipg_shouji	8
10040	宇智波带土	ban	打破忍者世界规则的人，我们都叫他废物…可是，不懂得重视同伴的人，连废物也不如！	1	29	4	500012	310	201	253	134	102	105	5.5	6.8	9.9	8.4	2	1.86	22	15;5	5	0	0	0	10	0	0	0	0	0	13	yuzhibo	189;6.42	13189;10033;11058;12005;11023;13082	picture_6_huopg_shouji	12
10041	漩涡鸣人	ningren	手臂断掉的话，就用脚踢死他;手脚断掉的话，就用牙咬死他;脖子被折断的话，就用眼盯死他。	1	17	4	800004	420	229	229	381	106	109	5.65	8.41	2.76	5.81	3.09	1.83	20	15;5	10	0	25	10	25	0	0	0	0	0	13	mingren	189;6.42	10008;10011;10018;11017;11061;13085	picture_4_fengpg01_shouji	8
10042	日向日差	shizhuang2	日向日足之孪生弟弟，不是因为分家保护宗家而死的，而是因为保护自己的兄弟和村子而死的。	1	18	3	230005	212	122	238	106	71	113	5.71	7.45	2.69	1.68	2.88	1.78	23	17;6	0	0	0	0	10	0	0	0	0	0	15	rixiangricha	126;5.33	10040;10039;11045;11075;11099;12048	picture_4_quanjiaopg02_shouji	8
10044	矢仓	shicang	三尾人柱力，拥有控制尾兽的能力，长相像小孩，不过本人极力主张自己已经是成年人。	1	22	4	420010	320	166	100	122	100	119	8.68	6.09	7.38	0.99	2.48	2.02	16	12;4	5	0	0	0	5	0	0	0	0	0	10	shicang	189;6.42	10027;13031;13075;11015;13119;12026	picture_4_shuipg_shouji	8
10045	漩涡玖辛奈	xuanwojiuxinnai	漩涡鸣人的母亲，四代火影波风水门的妻子，第二任九尾人柱力。在宿命中幻想未来，比男子还能干的红发玖辛奈。	2	3	3	330005	251	221	188	167	83	106	5.97	8.15	3.35	5.99	1.99	1.85	19	14;5	10	0	5	0	0	0	0	0	0	0	12	xuanwojiuxingnai	126;5.33	13091;11017;11045;11097;13067;10011	picture_6_quanjiaopg04_shouji	12
10046	奈良鹿丸	nailiangluwan	我啊，只想安稳地做个忍者，安稳地生活，和一个不美也不丑的女人结婚。	1	5	3	210004	464	50	348	25	154	114	5.77	5.91	7.01	1.26	1.86	1.57	17	13;4	0	0	0	10	0	0	0	0	0	0	11	nailangluwan	126;5.33	10038;10083;10084;11063;13096	picture_7_luwanpugong_shouji	9
10047	秋道丁次	qiudaodingci	哥这叫是丰满不是肥！	1	6	3	800006	386	290	65	20	70	114	6.41	7.88	5.63	1.32	2.12	1.57	17	13;4	0	0	0	10	0	0	0	0	0	0	11	qiudaodingci	126;5.33	10038;10085;10086;11063;13096;12046	picture_6_lanse_shouji	8
10048	山中井野	shanzhongjingye	我觉得如果你还在一个花蕾的状态下枯萎，那就太可惜了。因为一朵花不绽放那就没有意义了。	2	16	3	800007	286	164	214	191	95	114	8.61	2.45	7.43	0.53	2.86	1.57	19	14;5	0	0	0	5	5	0	0	0	0	0	12	shanzhongjingye	126;5.33	10038;10085;11063;11072;11106;12047	picture_6_quanjiaopg04_shouji	12
10049	李洛克	liluoke	木叶的莲华会再次绽放的，到那时我会变得更强！	1	3	3	320010	200	200	0	190	82	97	4.31	8.91	0	5.48	0.21	1.47	23	17;6	0	0	0	0	10	0	0	0	0	0	15	liluoke	126;5.33	10048;13131;10088;13130;11051;13087	picture_3_quanjiaopg01_shouji	6
10050	日向宁次	rixiangningci	每个人都只能活在无法违抗的潮流之中，只有一种命运，是每个人都平等拥有的，那就是死。	1	21	3	500019	209	120	157	139	69	105	4.61	8.31	2.97	2.65	2.21	1.62	18	14;5	0	5	0	5	0	0	0	0	0	0	12	rixianglingci	126;5.33	10039;10048;11063;11082;13096;12048	picture_4_quanjiaopg02_shouji	8
10051	天天	tiantian	怎么说人家也是女孩子阿，对女孩子也这样粗鲁可不好哦。	2	26	3	120010	179	103	134	119	59	94	5.07	4.32	2.87	5.04	1.26	1.48	17	13;4	0	0	0	0	10	0	0	0	0	0	11	tiantian	126;5.33	10048;11077;11063;13163;12049	picture_6_daojianpg_shouji	12
10052	赤土	shizhuang4	土影的护卫，很幽默、体谅人。	1	21	3	800008	236	136	177	157	78	96	7.01	4.71	1.59	3.04	1.52	1.47	17	13;4	0	3	2	0	5	0	0	0	0	0	11	chitu	126;5.33	10025;11062;11078;11079;12041;12050	picture_4_tupugong02_shouji	6
10053	黑土	shizhuang2	土影的孙女，最大的愿望就是希望年老体衰的土影早点退休。	2	18	3	800009	235	125	88	190	33	97	4.97	4.15	3.47	3.11	0.86	1.47	15	11;4	0	0	5	0	5	0	0	0	0	0	9	heitu	126;5.33	10025;11080;11081;12051;12050	picture_4_tupugong01_shouji	6
10054	手鞠	shouju	哼，再怎么样都没有用。	2	7	3	220000	178	102	133	119	59	94	4.13	2.97	4.7	3.47	2.77	1.48	17	13;4	0	5	5	0	0	0	0	0	0	0	11	shouju	126;5.33	10014;10084;11083;11080;11084;12039	picture_4_fengpg02_shouji	8
10055	勘九郎	kanjiulang	我爱罗的哥哥，擅长操纵傀儡，个性有些冲动，但真诚善良，甚至有几分可爱。	1	22	3	120007	205	146	154	136	68	94	5.53	4.33	4.16	2.95	2.14	1.48	18	14;5	0	5	0	5	0	0	0	0	0	0	12	kanjiulang	126;5.33	10014;10089;11062;11086;11085;12043	picture_4_dupugong01_shouji	5
10056	鬼灯满月	guidengmanyue	雾忍者村前代“忍刀七人众”之一，鬼灯水月的哥哥，可以熟练使用七把忍刀。	1	16	3	800010	200	122	150	50	100	106	6.79	3.86	5.09	1.7	1.38	1.62	17	13;4	0	0	10	0	0	0	0	0	0	0	11	guidengshuiyue	126;5.33	10031;10060;11059;11087;12053;12060	picture_4_shuipg_shouji	8
10057	弥彦	shizhuang1	为了实现世界和平的理想而创立了“晓”，后为保护同伴被山椒鱼半藏逼死。	1	14	3	110006	170	98	191	85	57	92	3.18	4.26	5.15	5.13	0.68	1.29	16	12;4	5	5	0	0	0	0	0	0	0	0	10	miyan	126;5.33	10042;10076;11089;11085;11090;12054	picture_4_shuipg_shouji	8
10058	千手板间	shizhuang1	初代火影千手柱间、二代火影千手扉间及千手瓦间之弟，千手佛间的第四个儿子。	1	32	3	330001	180	103	135	120	60	85	4.5	4.51	2.52	5.25	0.72	1.33	16	12;4	5	5	0	0	0	0	0	0	0	0	10	moren2	126;5.33	11053;11085;11106;12056	picture_3_quanjiaopg01_shouji	6
10059	萨姆依	samuyi	雷之国云隐村萨姆依小队队长。你们两个是忍者的话，就要酷一点。	2	11	3	800011	219	126	144	0	73	100	6.74	5.43	8.25	0	0.89	1.45	18	14;5	0	0	5	5	0	0	0	0	0	0	12	samuyi	126;5.33	10066;11057;11091;11066;12055;12049	picture_6_daojianpg_shouji	12
10060	夕日红	xirihong	血继界限“红莲之瞳”拥有者，八班队长。依然深深爱着猿飞阿斯玛	2	11	3	320001	185	106	139	123	61	98	8.72	2.05	8.2	2.73	2.6	1.46	22	17;6	0	4	6	0	0	0	0	0	0	0	15	xirihong	126;5.33	10049;10082;11045;11072;12056;13090	picture_6_quanjiaopg04_shouji	12
10061	佐井	zuojing	没有名字，没有感情，没有过去，没有未来，心中只有任务。	1	2	3	800012	175	99	20	100	120	104	5.94	4.44	7.8	4.06	0	1.63	18	14;5	0	0	10	0	0	0	0	0	0	0	12	zuojing	126;5.33	10051;10052;11019;11093;11094;12058	picture_4_dupugong03_shouji	5
10062	老紫	shizhuang4	你叫孙悟空吗？哈哈，和吾生活了40年的老伙计吾居然才知道你叫什么…	1	20	3	420001	401	149	301	267	133	105	4.74	3.25	2.76	3.86	1.24	1.42	18	14;5	0	10	0	0	0	0	0	0	0	0	12	laozi	126;5.33	10070;11062;11095;11096;12050	picture_6_huopg_shouji	12
10063	油女志乃	younvzhinai	用身体作为虫子的巢穴，操纵虫子战斗。性格冷静，好啰嗦，但很有实力。	1	11	3	120006	234	134	175	156	55	85	6.42	4.97	6.51	0.5	0	1.33	16	12;4	0	0	2	0	8	0	0	0	0	0	10	younvzhinai	126;5.33	10049;10053;11071;11063;11052;13059	picture_4_dupugong03_shouji	5
10064	长十郎	shizhuang1	雾忍者村“忍刀七人众”之一。性格有些缺乏自信。在五影会谈期间，和青一起担任第五代水影的护卫。武器为双刀“平目鲽”。	1	18	3	800031	192	111	216	96	64	108	6.84	6.69	5.87	2.6	1.74	1.6	16	12;4	0	5	0	0	10	0	0	0	0	0	10	xie	126;5.33	10060;11059;11097;11070;11087	picture_6_daojianpg_shouji	12
10065	无梨甚八	shizhuang1	雾忍者村前代“忍刀七人众”之一，爆刀“飞沫”的使用者。	1	26	3	300003	244	134	0	177	78	94	8.15	3.91	0	6.25	2.28	1.48	16	12;4	0	10	0	0	0	0	0	0	0	0	10	wulishengba	126;5.33	12003;10031;11059;11097;11088;12060	picture_6_daojianpg_shouji	12
10066	御手洗红豆	yushouxihongdou	木叶忍者村的特别上忍，中忍考试第二轮的主考官，同时也是木叶三忍之一大蛇丸的弟子。擅长使用大蛇丸传授的各种忍术。	2	11	3	800026	275	158	309	137	91	118	7.36	2.75	7.81	0.87	1.6	1.54	16	12;4	0	0	0	0	10	0	0	0	0	0	10	xie	126;5.33	10061;10081;10082;11098;12061;12013	picture_6_quanjiaopg04_shouji	12
10067	犬冢牙	quanzhongya	好动、好强，有自信，喜好充当别人的领袖。与忍犬赤丸形影不离，由如兄弟一样。	1	29	3	800027	181	104	177	120	60	95	5.53	5.48	6.91	6.38	0.5	1.48	16	12;4	0	0	5	0	5	0	0	0	0	0	10	quanzhongya	126;5.33	10049;10079;10080;11063;11099;12026	picture_4_quanjiaopg02_shouji	8
10068	达鲁伊	chutian	云忍者村的忍者，雷影的护卫。第三代雷影黑色雷遁的唯一继承者，拥有血量继限界“岚遁”。	1	30	3	220001	189	109	213	95	63	97	3.18	3.31	5.2	5.22	1.93	1.47	16	12;4	0	0	5	0	5	0	0	0	0	0	10	xie	126;5.33	10087;11057;11099;12055;12063	picture_4_leipg_shouji	8
10069	栗霰串丸	chutian	雾忍者村前代“忍刀七人众”之一，长刀“缝针”的使用者。	1	5	3	800014	148	85	166	74	49	118	3.57	7.27	7.98	1.52	1.67	1.54	16	12;4	5	0	0	0	10	0	0	0	0	0	10	lixianchuanwan	126;5.33	10031;11068;11099;11059;12031;12065	picture_6_daojianpg_shouji	12
10070	西瓜山河豚鬼	shizhuang2	雾忍者村前代“忍刀七人众”之一，大刀“鲛肌”的前任使用者，曾为干柿鬼鲛的上司。	1	1	3	800013	200	142	186	75	82	97	4.31	4.23	5.53	2.48	0.21	1.47	16	12;4	0	0	0	0	10	0	0	0	0	0	10	xiguashanhetungui	126;5.33	10021;10031;11059;11034;12043;12064	picture_6_daojianpg_shouji	12
10071	通草野饵人	shizhuang2	雾忍者村前代“忍刀七人众”之一，钝刀“兜割”的使用者。	1	7	3	800015	178	102	133	119	59	94	4.13	2.97	4.7	3.47	2.77	1.48	16	12;4	0	5	5	0	0	0	0	0	0	0	10	tongcaoyeerren	126;5.33	10031;11059;11069;11099;13008;12003	picture_6_daojianpg_shouji	12
10072	羽高	chutian	地上踏溅起水花，水花冻结成复数的冰千本，使用冰千本刺向对方。此忍术较易施展。	1	4	3	110005	152	87	114	101	50	94	4.99	6.43	2.62	2.32	2.17	1.48	16	12;4	0	5	0	5	0	0	0	0	0	0	10	xie	126;5.33	12016;11059;11095;11096;12066	picture_4_shuipg_shouji	8
10073	并足雷同	shizhuang4	脸上有疤，能力强，深受火影信任。	1	17	3	800019	159	91	179	80	53	114	4.64	7.6	7.49	4.88	0.93	1.77	16	12;4	0	10	0	0	0	0	0	0	0	0	10	xie	126;5.33	10057;10064;11098;11085;11102;12031	picture_6_daojianpg_shouji	12
10074	油女志薇	chutian	油女志乃之父，油女一族的代表人物。泰然自若的外表中，隐藏着油女一族的荣耀。	1	16	3	800019	200	122	150	50	100	106	6.79	3.86	5.09	1.7	1.38	1.62	16	12;4	0	0	10	0	0	0	0	0	0	0	10	xie	126;5.33	10053;11067;11052;11075;12067;12059	picture_4_dupugong03_shouji	5
10075	日向雏田	chutian	想着追上之后，能在什么时候一起散散步……总想着待在鸣人君的身边……是鸣人君改变了我！	2	6	3	130003	159	165	120	211	88	103	4.47	6.18	6.02	1.38	1.15	1.87	16	12;4	5	5	0	5	0	0	0	0	0	0	10	chutian	126;5.33	10039;10049;11063;13092;11104;13089	picture_8_ctpugong_shouji	8
10076	千代婆婆	qiandaipopo	"以前是砂忍的长老，超一流的傀儡师,后来和其弟弟海老藏隐居起来，不想再管风之国的事。"	2	6	3	900004	183	178	155	92	61	112	3.07	8.48	6.16	3.13	1.32	1.79	24	18;6	5	0	5	0	0	0	0	0	0	0	16	xie	126;5.33	10017;11064;11092;12020;13093;13021	picture_4_dupugong01_shouji	5
10077	多由也	duoyouye	音忍五人众之一，擅长通灵术和幻术，拥有能召唤“三鬼”的能力，特别是在于能用笛子吹奏乐曲迷惑敌人。	2	18	3	220001	215	123	242	108	71	95	6.45	5.95	4.33	1.9	1.69	1.48	16	12;4	0	0	0	0	10	0	0	0	0	0	10	moren2	126;5.33	10050;13001;11105;11106;12069;12068	picture_6_quanjiaopg04_shouji	12
10078	次郎坊	cilangfang	“音忍五人众”之一，平时老实谨慎，但在战斗中却变得狂妄轻敌，擅长土遁。可以吸收其他人的查克拉。	1	1	3	110010	185	106	139	123	61	98	4.72	4.05	6.2	4.73	0	1.46	16	12;4	0	4	6	0	0	0	0	0	0	0	10	moren1	126;5.33	10050;10086;11105;11106;12037;13001	picture_4_tupugong02_shouji	6
10079	宇智波富岳	shizhuang3	宇智波一族族长、木叶警务部队队长，也是宇智波一族叛变的策划人与领导者。	1	18	3	320011	212	122	238	106	71	113	9.71	7.45	3	4.68	0.88	1.78	16	12;4	5	0	0	0	10	0	0	0	0	0	10	xie	126;5.33	10058;10064;11045;11110;11099;12074	picture_6_huopg_shouji	12
10080	不知火玄间	shizhuang3	木叶特别上忍，担任中忍考试第三回合的主考官，自尊心极强。	1	6	3	120011	235	160	120	144	33	150	4.81	6.23	5.85	3.28	1.05	1.13	16	12;4	5	0	5	0	5	0	0	0	0	0	10	xie	126;5.33	10055;10057;10061;11045;11052;12073	picture_6_huopg_shouji	12
10081	黑锄雷牙	shizhuang4	雾忍者村的叛忍，“忍刀七人众”之一，使用雷刀“牙”作为武器。	1	3	3	300002	244	132	95	72	92	86	2.84	5.19	2.01	3.64	1.47	1.33	16	12;4	0	10	0	0	0	0	0	0	0	0	10	xie	126;5.33	10059;11059;11066;11106;12055;13032	picture_4_leipg_shouji	5
10082	鬼童丸	guitongwan	音忍五人众之一。有六只手，性格调皮，好玩。拥有自己的独特绝技，实力强劲，是大蛇丸的心腹。	1	5	3	410019	183	105	205	91	61	84	4.07	5.35	6.57	1.5	1.35	1.34	16	12;4	0	0	0	0	10	0	0	0	0	0	10	moren2	126;5.33	10050;11105;11065;11106;13001	picture_5_quanjiaopg03_shouji	10
10084	左近右近	shizhuang4	音忍五人众之一，主体是左近，平时让哥哥右近沉睡在自己体内。两兄弟脾气都很火爆，但相对来说哥哥聪明点。	1	32	3	230006	183	105	205	91	0	84	4.39	5.69	1.19	6.82	0	1.34	16	12;4	0	0	10	0	0	0	0	0	0	0	10	xie	126;5.33	10050;10079;11105;12068;12069;13001	picture_3_quanjiaopg01_shouji	6
10085	伊鲁卡	haiyeyiluka	木叶忍者学校的老师，因为认可与关爱才让鸣人没有走上歪路，与鸣人的关系比起兄弟更像父子。	1	26	3	200001	189	109	213	95	63	116	7.68	8.5	2.65	6.48	1.37	1.76	16	12;4	0	0	5	0	10	0	0	0	0	0	10	xie	126;5.33	10069;11063;11099;12004;13098	picture_6_daojianpg_shouji	12
10086	琳	xianglin	师从四代火影波风水门，拥有高超的医疗忍术。	2	7	3	230003	154	89	173	77	91	93	3.72	3.82	6.52	3.53	1.88	1.49	16	12;4	10	0	5	0	0	0	0	0	0	0	10	xie	126;5.33	10056;11092;11108;11052;12070;12020	picture_6_quanjiaopg04_shouji	12
10087	木叶丸	muyewan	木叶村第三代火影的孙子，师承鸣人，拥有鸣人特有的色诱术与螺旋丸，很顽皮，常常偷袭火影爷爷，希望可以成为第七代火影。	1	9	2	800003	277	159	312	139	92	98	9.14	6.04	3.13	0.92	1.21	1.46	20	15;5	0	0	10	0	0	0	0	0	0	0	13	xie	80;4.02	10068;11043;11076;13171	picture_4_fengpg01_shouji	8
10088	马基	maji	我爱罗，手鞠，勘九郎的导师，深受风影的信赖，有丰富的领导才能，是砂忍不可或缺的一员大将。	1	28	3	130001	154	88	76	77	120	93	3.65	4.1	3.85	5.68	2.38	1.49	16	12;4	0	0	0	0	10	0	0	0	0	0	10	xie	126;5.33	10015;10055;10089;10078;11062	picture_4_fengpg02_shouji	8
10090	林檎雨由利	shizhuang3	雾忍者村前代“忍刀七人众”之一，雷刀“牙”的使用者。	1	8	1	800016	131	75	98	87	43	66	4.71	1.35	2.94	1.03	1.05	0.66	2	2;1	0	0	0	0	10	0	0	0	0	0	2	linqingyuyouli	50;3.02	10031;11059;11066	picture_6_daojianpg_shouji	12
10091	阿斯玛	yuanfeiasima	负责保护火之国大名的十二位精英忍者之一。名叫“守护忍十二士”	1	10	2	200003	171	98	128	0	57	96	4.55	2.62	5.96	0	2.25	1.19	8	6;2	0	0	0	0	10	0	0	0	0	0	4	asima	80;4.02	10063;11052	picture_4_fengpg02_shouji	8
10092	成马	shizhuang2	负责保护火之国大名的十二位精英忍者之一。名叫“守护忍十二士”	1	11	1	300001	97	56	73	65	32	71	3.07	2.19	0.64	4.03	1.5	0.75	2	2;1	0	10	0	0	0	0	0	0	0	0	2	moren1	50;3.02	10063;12055	picture_4_leipg_shouji	8
10093	北根	shizhuang1	负责保护火之国大名的十二位精英忍者之一。名叫“守护忍十二士”	1	12	1	100001	98	56	73	65	32	71	3.82	3.2	2.18	1.35	1.28	0.75	2	2;1	0	0	0	10	0	0	0	0	0	0	2	moren2	50;3.02	10063;11053;12055	picture_4_leipg_shouji	8
10094	和马	shizhuang3	负责保护火之国大名的十二位精英忍者之一。名叫“守护忍十二士”	1	13	1	420015	98	56	73	65	32	71	3.82	2.7	2.21	2.55	0.96	0.75	2	2;1	0	0	0	10	0	0	0	0	0	0	2	moren1	50;3.02	10063;11106;12018	picture_4_tupugong02_shouji	6
10095	地陆	shizhuang2	负责保护火之国大名的十二位精英忍者之一。名叫“守护忍十二士”	1	14	1	100003	98	56	73	65	32	71	3.03	2.57	3.38	2.01	0.99	0.75	2	2;1	0	10	0	0	0	0	0	0	0	0	2	moren2	50;3.02	10063;11104	picture_3_quanjiaopg01_shouji	6
10096	阵雨	shizhuang2	负责保护火之国大名的十二位精英忍者之一。名叫“守护忍十二士”	1	15	1	310009	96	55	72	64	32	63	3.74	3.14	0.18	3.62	0.36	0.68	2	2;1	10	0	0	0	0	0	0	0	0	0	2	moren1	50;3.02	10063;11053;12055	picture_4_leipg_shouji	8
10097	星斗	shizhuang3	负责保护火之国大名的十二位精英忍者之一。名叫“守护忍十二士”	1	1	1	300000	113	65	85	75	37	71	3.88	1.32	2.33	3.58	1.03	0.75	2	2;1	0	0	5	0	5	0	0	0	0	0	2	moren2	50;3.02	10063;12055	picture_4_leipg_shouji	8
10098	加藤断	shizhuang1	木叶村的上忍，纲手年轻时的恋人。	1	2	1	800017	99	57	74	66	33	58	2.99	2.57	1.17	1.5	0.99	0.59	2	2;1	0	10	0	0	0	0	0	0	0	0	2	jiatengduan	50;3.02	10064;11045;11037	picture_4_dupugong02_shouji	5
10099	山城青叶	shizhuang3	木叶忍者村的特别上忍，擅长火遁，实力出众。经常完成重要任务。	1	3	1	110000	99	57	74	66	33	65	3.43	2.44	3.18	1.19	0.86	0.67	2	2;1	0	0	0	0	10	0	0	0	0	0	2	shanchengqingye	50;3.02	10064;11104;11053	picture_6_huopg_shouji	12
10100	旗木朔茂	shizhuang3	旗木卡卡西之父，人称“木叶白牙”。	1	4	1	200002	99	57	74	66	33	72	3.69	2.13	3.4	2.45	0.92	0.74	2	2;1	5	5	0	0	0	0	0	0	0	0	2	qimushushuo	50;3.02	10064;11037	picture_6_daojianpg_shouji	12
10101	夜叉丸	shizhuang4	每个人活下去的过程中多少都会伤害别人，也会被别人伤害，人是无法轻易地去讨厌其他人的。	1	5	1	800018	129	74	97	86	43	72	4.82	2.77	2.41	1.06	1.05	0.74	2	2;1	0	5	0	5	0	0	0	0	0	0	2	yechawan	50;3.02	10064;11065	picture_4_quanjiaopg02_shouji	8
10102	千手瓦间	shizhuang3	千手柱间的弟弟，早年死于宇智波一族的战争。	1	8	2	800020	187	107	140	124	62	93	6.18	3.54	3.05	2.02	1.34	1.21	8	6;2	0	0	0	10	0	0	0	0	0	0	4	yuzhibo	80;4.02	10065;11106	picture_4_shuipg_shouji	8
10103	千手绳树	shizhuang2	千手纲手的弟弟，早年死于战乱。	1	9	2	310002	165	95	0	110	55	84	5.35	2.45	0	6.42	1.07	1.11	7	5;2	0	10	0	0	0	0	0	0	0	0	3	qianshoushenshu	80;4.02	10065;12056	picture_4_shuipg_shouji	8
10104	阿赤伊	shizhuang1	雷之国云隐村萨姆依小队成员之一。萨姆伊的弟弟，时不时就叫：好热！好热！好热！	1	10	2	800021	123	71	92	82	41	85	2.97	3.86	2.91	3.86	1.28	1.1	8	6;2	0	0	0	0	10	0	0	0	0	0	4	achiyi	80;4.02	10066;11057	picture_6_huopg_shouji	12
10105	卡茹伊	shizhuang3	雷之国云隐村萨姆依小队队员之一。为忍者联合军第二部队的队员，有点暴力，比较乐观，经常与奥摩伊抬杠。	2	21	2	410007	232	133	174	154	77	85	6.62	2.78	2.27	0.82	1.31	1.1	7	5;2	0	0	10	0	0	0	0	0	0	0	3	karuyi	80;4.02	10066;11057;11053	picture_6_daojianpg_shouji	12
10106	奥摩伊	shizhuang2	雷之国云隐村萨姆依小队队员之一。头脑灵活，喜欢谨慎的思考，总是碎碎念，杞人忧天。	1	12	2	800022	122	70	0	81	40	84	3.7	4.06	0	6.94	0.85	1.11	7	5;2	0	10	0	0	0	0	0	0	0	0	3	aomoyi	80;4.02	10066;11057	picture_4_leipg_shouji	8
10107	地狱道	changmen	所谓战争…就一定伴随着双方的死亡伤病和痛苦…	1	1	2	210007	187	107	140	124	62	84	5.21	2.97	5.25	2.24	0.52	1.11	8	6;2	0	0	1	0	9	0	0	0	0	0	4	changmen	80;4.02	10062;11042;13173	picture_4_dupugong02_shouji	5
10108	天道	tiandao	原为长门的同伴弥彦。被山椒鱼半藏逼死后制作为佩恩天道。	1	1	2	130008	143	82	107	95	47	67	3.28	1.87	3.1	1.64	1.09	0.89	6	5;2	0	0	0	0	10	0	0	0	0	0	3	tiandao	80;4.02	10043;10062;10090;11049	picture_6_huopg_shouji	12
10109	人间道	renjiandao1	原为泷隐忍者，自来也在酒馆遇到。	1	1	2	800023	98	56	73	65	32	64	3.35	1	3.72	1.16	1.65	0.67	2	2;1	0	0	0	0	10	0	0	0	0	0	2	renjiandao	80;4.02	10062;10090;11049	picture_4_dupugong02_shouji	5
10110	修罗道	xiuluodao	原为傀儡师，自来也曾遇到过。	1	1	2	800024	145	83	109	97	48	86	4.06	2.91	3.78	2.03	1.33	1.09	7	5;2	0	0	0	0	10	0	0	0	0	0	3	xiuluodao	80;4.02	10062;11049	picture_6_huopg_shouji	12
10111	畜生道	chushengdao	原为风魔一族的忍者，生前被自来也用苦无在其额头上划了一道伤痕，护额掉落时发现。	1	5	2	110005	164	94	123	109	54	84	4.66	3.75	3.47	3.09	1.23	1.11	8	6;2	10	0	0	0	0	0	0	0	0	0	4	chushengdao	80;4.02	10062;11049	picture_4_shuipg_shouji	8
10112	饿鬼道	eguidao	原为草隐忍者，自来也在酒馆同人间道同时遇到。	1	16	2	800025	186	107	139	124	62	84	6.44	1.81	4	1.39	1.06	1.11	7	5;2	4	0	3	0	3	0	0	0	0	0	3	eguidao	80;4.02	10062;11034;10080;11049	picture_4_dupugong03_shouji	5
10113	地狱道	diyudao	原为不知名宗教领袖，自来也曾遇到。	1	1	1	800026	113	65	85	75	37	64	4.07	1.42	3.65	1.64	0.81	0.67	2	2;1	0	0	0	0	10	0	0	0	0	0	2	diyudao	50;3.02	10062;11049;11053	picture_4_dupugong02_shouji	5
10114	黄土	shizhuang3	岩忍者村的忍者，第三代土影大野木的儿子，黑土的父亲。	1	1	2	420015	210	121	157	140	70	77	4.09	2.35	4.11	1.38	0.91	0.99	7	5;2	0	0	0	0	10	0	0	0	0	0	3	huangtu	80;4.02	10067;10054;11078	picture_4_tupugong02_shouji	6
10115	日向花火	shizhuang4	日向家族宗家二小姐，日向雏田的妹妹。一个自尊心强、不甘服输的可爱女孩。	2	5	2	500019	142	81	106	95	47	92	4.61	3.89	3.45	3.05	1.15	1.22	8	6;2	4	0	2	0	4	0	0	0	0	0	4	rixianghuahuo	80;4.02	10067;10091;12048	picture_4_quanjiaopg02_shouji	8
10117	兰丸	shizhuang4	血继限界红眼的拥有者，为白眼的天敌。可以透视物体，感知力量，察觉危险。被忍刀七人众的雷牙所接受，二人相依为命。	1	3	1	100001	111	63	83	74	37	70	3.92	3.6	1.21	1.08	1.31	0.75	2	2;1	0	0	7	0	3	0	0	0	0	0	2	lanwan	50;3.02	10059;11053	picture_4_dupugong03_shouji	5
10118	小樱	xiaoying	女孩子不够坚强的话，是不能够活下去的啊。	2	6	3	800005	255	150	122	50	122	122	4.81	6.07	5.86	5.1	0.3	1.75	16	12;4	5	0	5	0	5	0	0	0	0	0	10	xiaoyin	126;5.33	10008;10088;11092;11108;12020;10077	picture_6_xiaoyingpugong_shouji	8
10119	香磷	xianglin	优秀的感知忍者，对于佐助抱有特殊的好感。	2	24	3	500025	215	88	121	180	51	85	4.02	2.7	5.05	7.22	1.31	1.11	18	12;4	0	0	10	0	0	0	0	0	0	0	10	xie	126;5.33	10010;13132;13133;13134;13135	picture_6_xiaoyingpugong_shouji	10
10120	少年佐助	zuozhu	背负了无尽的诅咒，仍然一直向着自己的目标前行。	1	6	4	110000	240	229	229	381	106	109	4.65	7.41	2.76	8.81	1.09	1.83	20	15;6	0	0	15	0	20	0	0	0	0	0	13	zuozhu	189;6.42	13141;10008;13140;13139;10013;13142	picture_4_leipg_shouji	8
10121	宇智波止水	yuzhibozhishui	出身名门，继承火之意志与父辈的精神，为守护村子倾尽生命的男人。	1	10	4	800002	155	210	309	155	0	101	4.02	7.1	7.65	5.01	0.13	1.88	20	15;5	0	0	0	0	15	0	0	0	0	0	10	yuzhibo	189;6.42	13136;13137;10071;13138;13145;13146	picture_6_xiaoyingpugong_shouji	9
10122	女神雏田	chengnianchutian	将清澄的心转化成了力量，变得更加强大。	2	3	4	500026	189	200	80	190	82	97	4.31	7.99	3	5.78	0.21	1.07	23	17;6	0	0	0	0	10	0	0	0	0	0	15	chutian	189;6.42	13148;13152;13089;11063;13153	picture_8_ctpugong_shouji	8
10123	三代雷影	sandaileiying	四代雷影之父，曾以一己之力单挑一万名忍者。	1	21	4	500027	595	175	0	50	122	93	14.3	8.15	0	5.26	1.88	1.49	32	24;8	0	0	0	15	0	0	0	0	0	0	16	moren	189;6.42	13154;13155;13156;13209;13158;13159	picture_4_leipg_shouji	8
10124	萨克	sake	大蛇丸的手下，为人骄傲自大，被大蛇丸当成棋子利用。	1	3	1	100002	95	120	85	75	37	50	4.07	4.42	1.65	1.64	0.9	0.7	2	2;1	0	5	0	0	10	0	0	0	0	0	2	moren	50;3.02	13164;13167;11060	picture_4_leipg_shouji	8
10125	托斯	tuosi	大蛇丸的手下，为人工于心计，善于利用声音麻痹对手。	1	1	1	410002	113	35	85	110	40	74	4.07	1.42	3.65	1.64	0.2	0.67	2	2;1	0	0	0	5	10	0	0	0	0	0	2	moren	50;3.02	13164;13165;11060	picture_4_leipg_shouji	8
10126	金	jin	大蛇丸的手下，善于利用铃铛迷惑对手，借机发动飞针攻击。	2	2	1	310000	124	65	40	75	120	64	3.85	2.2	1.21	3.5	0.75	1.09	2	2;1	0	0	0	0	0	0	0	0	0	0	2	moren	50;3.02	13164;13166;11060	picture_4_leipg_shouji	8
10127	森乃伊比喜	sennaiyibixi	以拷问的能力著称，深受大家信任的可靠忍者。	1	9	2	100002	95	81	90	112	48	86	4.06	2.91	3.78	2.03	3.4	1.21	7	5;2	0	0	0	0	0	0	0	0	0	0	4	moren	80;4.02	13168;13169;13170;11067	picture_6_huopg_shouji	12
10128	惠比寿	huibishou	木叶丸的家庭教师，曾经败于鸣人的后宫之术。	1	1	3	110001	185	106	174	93	61	98	4.22	4.05	6.2	2.73	2.2	1.26	16	12;4	0	5	5	0	0	0	0	0	0	0	10	moren	126;5.33	13129;13171;13172;13173;13174	picture_4_tupugong02_shouji	6
10129	水木	renzhe	作为第一个被打倒的反派，还是在这里有一席之地的。	1	3	1	800019	113	85	45	80	36	40	3.07	3.42	2.65	1.64	1.2	0.77	2	2;1	0	0	5	5	0	0	0	0	0	0	2	moren	50;3.02	13098;13175;13176	picture_4_leipg_shouji	8
10130	大筒木辉夜	huiye	忍界创世之神，为了胜利偷食了神树的果实，获得查克拉平息了战乱，由于自负与危险被自己的两个孩子联手封印。	2	17	4	500012	270	274	200	220	95	40	8.22	9.07	4.25	7.7	3.49	3.49	38	2;1	20	30	25	15	0	0	0	0	0	0	22	moren	189;6.42	13190;13191;13192;12005;13210;13211	picture_6_huopg_shouji	12
10132	二代土影	erdaituying	名字叫做无，拥有血继淘汰尘遁，如其名字，身上布满绷带，无法看清面目。	1	5	4	430016	212	241	77	155	102	107	4.31	6.95	7.78	4.56	0.75	1.07	23	17;6	20	0	0	0	10	0	0	0	0	0	15	moren	189;6.42	13205;13209;13212;13213;12003;13214	picture_7_woailuopugong_shouji	9
10133	二代水影	erdaishuiying	你们值得我的称赞，但是连我都无法战胜的话，就更别想战胜斑了！	1	9	4	500039	260	289	62	189	50	99	5.53	8.02	4.58	6.88	1.05	1.12	23	17;6	25	0	25	0	0	0	0	0	0	0	15	moren	189;6.42	13205;13075;13209;13208;11015;13216	picture_4_shuipg_shouji	8
10134	四代风影	sidaifengying	我爱罗的父亲，在秽土转生之后，我爱罗令他意识到，真正令我爱罗变强的不是守鹤的力量，最终得到我爱罗的原谅，灵魂升天。	1	1	4	500038	287	177	309	103	69	103	6.68	6.18	8.99	5.5	1.32	1.87	23	17;6	0	0	15	0	30	0	0	0	0	0	15	moren	189;6.42	13204;13209;13215;13217;13218;13219	picture_7_woailuopugong_shouji	9
10135	三船	sanchuan	人结束的时候并不是要死的时候，而是信念丧失殆尽的时候。	1	3	4	500033	240	220	87	205	82	110	5.31	9.33	3.2	8.48	0.21	2.04	32	18;6	20	0	20	0	50	0	0	0	0	0	23	moren	189;6.42	13179;13184;13185;13186;13188;13187	picture_4_shuipg_shouji	8
10138	神威卡卡西	shenweikakaxi	话说这么多年了，有谁知道卡卡西面具下面是什么样子的？	1	6	4	500035	148	301	277	65	75	200	6.07	8.85	7.02	6.24	1.3	1.86	36	18;6	0	0	25	25	10	0	0	0	0	0	22	moren	189;6.42	13200;13202;13197;13207;13220;13221	picture_4_leipg_shouji	8
10139	风影我爱罗	fengyingwoailuo	在成长的力量并非属于守鹤，而是属于我爱罗自己的力量。	1	5	4	500036	239	264	264	133	71	126	5.05	8.2	9.9	5.72	1.03	1.97	36	24;8	0	0	20	10	35	0	0	0	0	0	22	moren	189;6.42	13204;13205;13206;13222;13221;12009	picture_7_woailuopugong_shouji	9
10140	六道斑	liudaoban	或许手段不被人接收，但是没人能否认斑的目的是正义的。	1	6	4	500012	200	274	396	155	0	110	5.85	9.05	7.65	6.52	0.72	2.01	36	18;6	15	0	40	0	25	0	0	0	0	0	22	moren	189;6.42	13192;13201;13200;13151;13150;13223	picture_4_fengpg02_shouji	8
10141	六道带土	liudaodaitu	进入六道模式的带土，化身十尾人柱力，无人能敌。	1	31	4	500012	195	255	208	266	105	100	6.79	8.89	6.55	7.82	1.02	1.94	36	18;6	25	0	25	0	25	0	0	0	0	0	22	moren	189;6.42	13192;13197;13203;13193;13151;13150	picture_4_fengpg02_shouji	8
10142	大蛇兜	dou	不仅仅继承了大蛇的力量，还继承了大蛇的生存之道，但是兜或许更加幸运，最终找回了真正的自己。	1	5	4	500037	321	199	395	223	80	102	7.31	8.05	10.77	5.24	0.69	1.85	36	18;6	0	0	50	0	15	0	0	0	0	0	22	moren	189;6.42	13193;13198;13199;13224;13225;13226	picture_4_fengpg01_shouji	8
10143	月之眼带土	mianjudaitu	在斑的引导下，带土终于走上了黑暗之路，但是他在生命最终的时刻贯彻了自己的忍道。	1	11	4	500029	392	110	415	90	201	125	9.9	2.09	11.1	2.45	2.98	1.83	26	17;6	0	40	0	30	15	0	0	0	0	0	22	moren	189;6.42	13248;13193;13227;13228;13229;13230	picture_4_fengpg02_shouji	8
10144	少年带土	yuzhibodaitu	我说过鸣人会成为火影，但是他是七代目火影，所以你来成为六代目火影吧，卡卡西。	1	9	4	800030	193	287	108	204	121	107	4.93	8.9	2.22	8.41	0.98	1.54	32	17;6	20	10	20	0	0	0	0	0	0	0	22	moren	189;6.42	13195;13231;13232;13234;13235;13237	picture_4_leipg_shouji	8
10137	少年卡卡西	shaoniankakaxi	卡卡西一直承受着内心的痛苦，但是最终他会用这双带土赠与他的眼睛看到未来。	1	9	4	500034	281	284	75	185	66	99	4.93	9.24	4.5	7.52	0.87	1.72	32	18;6	25	0	30	0	25	0	0	0	0	0	22	moren	189;6.42	13195;13231;13232;13233;13236;13238	picture_4_leipg_shouji	8
10131	药师兜	dou2	千变万化的忍术也无法告诉我我生存的意义何在。	1	1	3	230003	185	126	174	122	55	98	4.22	5.65	6.72	4.73	1.2	1.75	16	12;4	5	5	10	0	5	0	0	0	0	0	10	moren	126;5.33	13241;13245;13246;11060;13247	picture_4_fengpg01_shouji	8
10136	大和	dahe	面具之内平静自若，此身秘术独一无二。	1	1	4	420005	187	177	266	138	69	103	5.24	6.18	8.17	4.45	1.02	1.87	20	15;5	0	0	10	0	10	0	0	0	0	0	15	moren	189;6.42	13242;10051;13243;13181;11093;13244	picture_3_quanjiaopg01_shouji	6
10116	红莲	honglian	大蛇丸所领导的音忍的一员，晶遁血继限界的拥有者。后和幽鬼丸之间产生了感情，决定誓死照顾幽鬼丸。	2	6	3	500040	174	100	131	116	58	72	5.73	5.91	6.23	3.53	1.21	1.22	16	12;4	0	0	0	10	0	0	0	0	0	0	10	honglian	126;5.33	10067;13239;13240;13241;11060	picture_6_quanjiaopg04_shouji	12
10083	月光疾风 	yueguangjifeng	中忍考试正赛预选的考官，经常咳嗽像个病人似的，有点严重的黑眼圈，脸色苍白，是木叶忍村中一个特别的忍者。	1	5	4	230011	50	276	165	155	121	109	4.87	6.89	7.82	4.3	1.26	1.75	20	15;5	0	5	5	0	5	0	0	0	0	0	15	moren	189;6.42	10061;10078;11019;13180;13181	picture_6_daojianpg_shouji	12