技能ID	技能名	技能图标	技能描述	品质（4甲 3乙 2丙 1丁）	技能等级上限	身价	技能类型（1:外功（体术）、2、内功（忍术）、3、轻功（幻术）、4、心法（密传））	技能类型（1、全体;2、单体、3横扫、4、溅射;5、贯穿）	外攻系数	内功系数	身法系数	初始伤害计算系数	属性加成	初始触发概率	天赋触发概率	触发概率上限	缘分名	缘分弟子	缘分加成	缘分触发概率增加	属性差影响触发武学系数	技能内置冷却（回合数）	出手动作路径类型（0：原地;1 到某一列前;2 到目标前;3 到敌方整体区域;4直跳;5斜跳）	出手动作ID	受击动作ID	发起特效播放类型（0：群体攻击的飞行特效(一对多);1：单体攻击（一对一）;2：召唤群攻斜45（一对多）;3：为召唤群攻90度（一对多）;4：有踢和打的感觉（多特效对一）5：单体攻击的加强版本（多特效对一目标））6:到敌方正中心	出手特效类型（1、增加显示特效;2为替换显示特效）	发起动作ID	技能升级经验	技能升级经验成长	技能携带经验	技能携带经验成长	技能效果图片	真气占用	技能残片数量	发起效类型（1、不隐藏;2隐藏）	飞行效类型（1、不隐藏;2隐藏）	受击效类型（1、不隐藏;2隐藏）	调用特效ID
id	name	tuBiao	miaoShu	pingZhi	dengJi	shenJia	leiXing1	leiXing2	waiGong	neiGong	shenFa	shangHaiXiShu	jiaCheng	chuFaGaiLv	tianFuGaiLv	shuFaShangXian	yuanFengName	yuanFenDiZi	yuanFenJiaChen	yuanFenChuFa	shuXingChaXiShu	neiZhiCd	chuShouDongZuoLeiXing	chuShouDongZuoId	shouJiDongZuoId	faQiTeXiaoLeiXing	kinds	qiShouDongZuo	jiNengShengJiJingYan	jiNengShengJiJingYanGrow	jiNengXieDaiJingYan	jiNengXieDaiJingYanGrow	image	zhenQiZhanYong	canPianShuLiang	faQiLeiXing	feiXingLeiXing	shouJiLeiXing	TeXiaoID
100003	操手里剑	jineng121	利用钢丝操纵手里剑，较难释放	1	6	128;59	1	1	7	0	3	3;1.4	-1	25	25	25	-1	-1	-1	0	0	0	0	attack	attack	0	1	attack	119	83	40	28	-1	15	2	1	1	1	9100003
130000	大瀑布	jineng64	"以瀑布之量的水攻击对方,其攻击力非常之高,,较难释放"	4	6	432;230	1	1	6	4	0	9;4.8	-1	26	26	26	-1	-1	-1	0	0	0	0	attack	attack	0	1	attack	400	280	136	95	-1	100	6	1	1	1	9130000
130007	千鸟千本	jineng80	"将雷遁查克拉藉由手中的千鸟发射出去，化为极细的雷之千本攻击对手,较难释放"	4	6	432;320	1	1	6	4	0	7;5.2	-1	26	26	26	-1	-1	-1	0	0	0	0	attack	attack	0	1	attack	400	280	136	95	-1	100	6	1	1	1	9130007
900000	豪火灭失	jineng143	"施术者在周围的鬼灯笼中注入查克拉后,鬼灯笼会发送爆炸，较难释放"	4	6	432;149	1	1	6	4	0	13;4.5	-1	24	24	24	-1	-1	-1	0	0	0	0	attack	attack	0	1	attack	400	280	136	95	-1	100	6	1	1	1	9900000
900001	不尸转生	jineng32	"侵蚀忍者的意识,夺其肉体变成自己灵魂容器的禁术,较难释放"	4	6	432;194	1	1	7	3	0	12;5.4	-1	21	21	21	-1	-1	-1	0	0	0	0	attack	attack	0	1	attack	400	280	136	95	-1	100	6	1	1	1	9900001
900002	五重罗生门	jineng147	"超强防御忍术，没有之一,较难释放"	4	6	432;360	1	1	8	2	0	6;5	-1	25	25	25	-1	-1	-1	0	0	0	0	attack	attack	0	1	attack	400	280	136	95	-1	100	6	1	1	1	9900002
900003	八岐	jineng29	"召唤出八歧大蛇的忍术,极难释放"	4	6	432;142	1	1	6	4	0	17;5.6	-1	19	19	19	-1	-1	-1	0	0	0	0	attack	attack	0	1	attack	400	280	136	95	-1	100	6	1	1	1	9900003
900004	百机操演	jineng79	"操作傀儡的忍术,极难释放"	4	6	432;164	1	1	6	0	4	22;8.4	-1	14	14	14	-1	-1	-1	0	0	0	0	attack	attack	0	1	attack	400	280	136	95	-1	100	6	1	1	1	9900004
900005	十机近松	jineng79	"操作傀儡的忍术,极难释放"	4	6	432;180	1	1	7	0	3	16;6.7	-1	17	17	17	-1	-1	-1	0	0	0	0	attack	attack	0	1	attack	400	280	136	95	-1	100	6	1	1	1	9900005
900006	黑斑差	jineng146	"黑板就是差,极难释放"	4	6	432;345	1	1	8	2	0	12;9.6	-1	13	13	13	-1	-1	-1	0	0	0	0	attack	attack	0	1	attack	400	280	136	95	-1	100	6	1	1	1	9900006
900007	创造再生	jineng83	"给予任何人生命,极难释放"	4	6	432;388	1	1	9	1	0	8;7.2	-1	17	17	17	-1	-1	-1	0	0	0	0	attack	attack	0	1	attack	400	280	136	95	-1	100	6	1	1	1	9900007
100001	狼牙伐锥	jineng78	"以查克拉刀乱斩敌人,极易释放"	1	6	128;45	1	2	7	3	0	7;2.5	-1	66	66	66	-1	-1	-1	0	0	0	0	attack	attack	1	1	attack	119	83	40	28	-1	15	2	1	1	1	9100001
110001	炎弹	jineng8	能够发挥直接对施术对象展开攻击，并给予施术对象火焰伤害，极易释放	2	6	192;130	1	2	6	0	4	10;6.8	-1	48	48	48	-1	-1	-1	0	0	0	0	attack	attack	1	1	attack	143	100	48	34	-1	25	3	1	1	1	9110001
110002	水铁炮	jineng123	"将手作手枪状，从食指尖射出有如子弹的液体，射击敌人,较难释放"	2	6	192;62	1	2	7	3	0	22;7.2	-1	33	33	33	-1	-1	-1	0	0	0	0	attack	attack	1	1	attack	143	100	48	34	-1	25	3	1	1	1	9110002
110004	瀑布	jineng64	"施术者周围的水呈瀑布状，以猛烈的水量冲击敌人,较易释放"	2	6	192;122	1	2	7	3	0	13;8.3	-1	35	35	35	-1	-1	-1	0	0	0	0	attack	attack	1	1	attack	143	100	48	34	-1	25	3	1	1	1	9110004
110005	泡沫乱波	jineng54	"喷出大量的泡沫,制造困扰对手的环境,较易释放"	2	6	192;61	1	2	7	3	0	21;6.7	-1	35	35	35	-1	-1	-1	0	0	0	0	attack	attack	1	1	attack	143	100	48	34	-1	25	3	1	1	1	9110005
110006	水乱波	jineng37	"吐出水波,将敌人冲走，查克拉越强大 伤害越大,极易释放"	2	6	192;107	1	2	7	3	0	10;5.6	-1	50	50	50	-1	-1	-1	0	0	0	0	attack	attack	1	1	attack	143	100	48	34	-1	25	3	1	1	1	9110006
110007	六道生灵	jineng125	不需要签订血之契约的通灵之术，依靠瞳力控制通灵兽，极易释放	4	6	432;167	2	2	2	8	0	42;16.3	-1	45	45	45	-1	-1	-1	0	0	0	0	attack	attack	1	1	attack	400	280	136	95	-1	100	6	1	1	1	9110007
110008	大突破	jineng57	"组合忍术，用风遁将火球变的更强大,热度更高,极易释放"	2	6	192;89	1	2	7	0	3	9;4.2	-1	66	66	66	-1	-1	-1	0	0	0	2	attack	attack	1	1	attack	143	100	48	34	-1	25	3	1	1	1	9110008
110009	土中映鱼	jineng115	"像水里的鱼一样任意游动在不注意的角度发动攻击,极易释放"	2	6	192;137	1	2	8	2	0	6;4.3	-1	66	66	66	-1	-1	-1	0	0	0	0	attack	attack	1	1	attack	143	100	48	34	-1	25	3	1	1	1	9110009
110011	裂土转掌	jineng44	"犹如地震一般震塌地面让对手无法躲藏,极易释放"	2	6	192;68	1	2	6	4	0	11;3.9	-1	66	66	66	-1	-1	-1	0	0	0	0	attack	attack	1	1	attack	143	100	48	34	-1	25	3	1	1	1	9110011
120000	潜影蛇手	jineng42	"以藏在袖口的数条蛇出其不意地偷袭对手！蛇群会以咬的或缠身的方法对付敌人,较易释放"	3	6	288;99	1	2	7	3	0	30;10.4	-1	35	35	35	-1	-1	-1	0	0	0	0	attack	attack	1	2	attack	267	186	90	63	-1	50	5	1	1	1	9120000
120001	椿之舞	jineng80	"君麻吕从自己的左臂抽出一把骨刀作为武器，加上精确柔软的体术作出的多段连续攻击,极易释放"	3	6	288;259	1	2	7	0	3	9;8.1	-1	60	60	60	-1	-1	-1	0	0	0	0	attack	attack	1	2	attack	267	186	90	63	-1	50	5	1	1	1	9120001
120002	龙炎放歌	jineng89	"吐出数条火龙，威力比豪龙火更甚,极易释放"	3	6	288;91	1	2	7	3	0	23;7.3	-1	48	48	48	-1	-1	-1	0	0	0	0	attack	attack	1	1	attack	267	186	90	63	-1	50	5	1	1	1	9120002
120003	龙炎歌	jineng88	"吐出几条火龙，威力比豪火球更甚,极易释放"	3	6	288;104	1	2	7	3	0	18;6.5	-1	57	57	57	-1	-1	-1	0	0	0	0	attack	attack	1	1	attack	267	186	90	63	-1	50	5	1	1	1	9120003
120010	双升龙	jineng126	"把两个卷轴展开变为两个龙型，散步大量忍具进行无差别攻击,极易释放"	3	6	288;130	1	2	8	0	2	13;5.9	-1	66	66	66	-1	-1	-1	0	0	0	0	attack	attack	1	1	attack	267	186	90	63	-1	50	5	1	1	1	9120010
120011	土流壁	jineng45	"阻挡敌人的后路,这样他就没办法后退了,就躲不开正面一击了,较难释放"	3	6	288;230	1	2	6	4	0	20;16	-1	30	30	30	-1	-1	-1	0	0	0	0	attack	attack	1	1	attack	267	186	90	63	-1	50	5	1	1	1	9120011
130005	千鸟刃	jineng151	"低吟的雷鸣之歌贯穿万物的苍白色利刃,极易释放"	4	6	432;142	1	2	6	0	4	38;12.5	-1	47	47	47	-1	-1	-1	0	0	0	0	attack	attack	1	1	attack	400	280	136	95	-1	100	6	1	1	1	9130005
130008	地爆天星	jineng138	"传说六道仙人创造月球以封印十尾时所用之术,极难释放"	4	6	432;203	1	2	8	2	0	68;32.1	-1	18	18	18	-1	-1	-1	0	0	0	0	attack	attack	1	1	attack	400	280	136	95	-1	100	6	1	1	1	9130008
130010	雷分身	jineng86	"消失时可给予对手雷电伤害,极难释放"	4	6	432;318	1	2	6	4	0	60;44.3	-1	16	16	16	-1	-1	-1	0	0	0	0	attack	attack	1	1	attack	400	280	136	95	-1	100	6	1	1	1	9130010
130011	百豪之术	jineng7	"解开【阴封印】使咒印遍布全身，受到伤害瞬间开始持续迅速的自动再生不影响攻击节奏,极易释放"	4	6	432;198	1	2	7	0	3	27;12.4	-1	50	50	50	-1	-1	-1	0	0	0	0	attack	attack	1	1	attack	400	280	136	95	-1	100	6	1	1	1	9130011
320009	水龙弹术	jineng108	"把大量的查克拉灌入水中，再以查克拉凝聚水为巨龙形以攻击敌人,较易释放"	2	6	192;84	1	2	7	3	0	15;6.6	-1	40	40	40	-1	-1	-1	0	0	0	0	attack	attack	1	1	attack	143	100	48	34	-1	25	3	1	1	1	9320009
800005	樱花冲	jineng2	"从体内提炼最大限度的查克拉，集中于右拳并一瞬间爆发出来 ，冲向目标,较易释放"	3	6	192;84	1	2	7	3	0	15;10	-1	44	44	44	-1	-1	-1	0	0	0	2	attack	attack	1	1	attack	267	186	90	63	-1	50	5	1	1	1	9800005
800008	粘土巨人	jineng21	"从嘴中吐出的巨大的粘土巨人，攻防兼备。其防御力之强可以抵挡迪达拉起爆粘土,极易释放"	3	6	288;146	1	2	8	0	2	12;6.1	-1	66	66	66	-1	-1	-1	0	0	0	0	attack	attack	1	1	attack	267	186	90	63	-1	50	5	1	1	1	9800008
800009	土隆枪	jineng2	"单手盖在地面，注入土属性查克拉，从地底窜出无数尖锐的土刺攻击敌人,极易释放"	3	6	288;164	1	2	8	0	2	11;6.3	-1	66	66	66	-1	-1	-1	0	0	0	0	attack	attack	1	1	attack	267	186	90	63	-1	50	5	1	1	1	9800009
800010	水铁炮之术	jineng160	"将手作手枪状，从食指尖射出有如子弹的液体，射击敌人,较易释放"	2	6	192;115	1	2	7	3	0	12;7.2	-1	40	40	40	-1	-1	-1	0	0	0	0	attack	attack	1	1	attack	143	100	48	34	-1	25	3	1	1	1	9800010
800013	针千本	jineng71	把头发变硬将其发射，如暴雨般迅速，较易释放	2	6	192;70	1	2	7	3	0	17;6.2	-1	40	40	40	-1	-1	-1	0	0	0	0	attack	attack	1	1	attack	143	100	48	34	-1	25	3	1	1	1	9800013
800014	地蜘蛛缝	jineng87	"把“长刀缝针”的多条钢线藏于地下只要敌人身处其中，发动此招钢线就会缝合，从而切断敌人双脚,较易释放"	2	6	192;70	1	2	7	3	0	17;6.2	-1	40	40	40	-1	-1	-1	0	0	0	0	attack	attack	1	1	attack	143	100	48	34	-1	25	3	1	1	1	9800014
800015	兜割	jineng90	"能将所有的防御击溃,较易释放"	2	6	192;145	1	2	7	3	0	10;7.6	-1	40	40	40	-1	-1	-1	0	0	0	0	attack	attack	1	1	attack	143	100	48	34	-1	25	3	1	1	1	9800015
800016	落雷	jineng145	将双刀交叉，通过刀上的雷电，对周围的对手发出伤害极大的攻击，较易释放	2	6	192;76	1	2	7	3	0	16;6.4	-1	40	40	40	-1	-1	-1	0	0	0	0	attack	attack	1	1	attack	143	100	48	34	-1	25	3	1	1	1	9800016
800017	灵化术	jineng150	"将自己灵化成活的灵魂，无视距离穿梭并杀害敌人的忍术,极易释放"	3	6	288;210	1	2	8	0	2	10;7.3	-1	60	60	60	-1	-1	-1	0	0	0	0	attack	attack	1	2	attack	267	186	90	63	-1	50	5	1	1	1	9800017
800018	操袭刃	jineng6	以查克拉丝操纵苦无进行偷袭，极易释放	1	6	128;74	1	2	7	3	0	5;2.9	-1	66	66	66	-1	-1	-1	0	0	0	0	attack	attack	1	1	attack	119	83	40	28	-1	15	2	1	1	1	9800018
800019	风魔手里剑	jineng61	投出风魔手里剑攻击敌方，极易释放	1	6	128;47	1	2	7	0	3	7;2.6	-1	66	66	66	-1	-1	-1	0	0	0	0	attack	attack	1	1	attack	119	83	40	28	-1	15	2	1	1	1	9800019
800020	荆棘杀之术	jineng66	藤条般的木头束缚住敌人，极易释放	1	6	128;57	1	2	7	3	0	6;2.7	-1	66	66	66	-1	-1	-1	0	0	0	0	attack	attack	1	1	attack	119	83	40	28	-1	15	2	1	1	1	9800020
100002	苦无	jineng123	"丢出苦无，击杀敌人,较易释放"	1	6	128;83	1	3	7	3	0	4;2.6	-1	40	40	40	-1	-1	-1	0	0	0	0	attack	attack	0	1	attack	119	83	40	28	-1	15	2	1	1	1	9100002
120004	火龙炎弹	jineng88	"在体内聚集大量的查克拉，并将其高度压缩成炎龙形态，巧妙的操纵炎龙来袭击眼前的敌人,较难释放"	3	6	288;100	1	3	8	2	0	22;7.7	-1	24	24	24	-1	-1	-1	0	0	0	0	attack	attack	0	1	attack	267	186	90	63	-1	50	5	1	1	1	9120004
120005	头刻苦	jineng5	"落在地面的小火球，瞬间扩大燃烧范围并将周围一切吞噬的忍术,极易释放"	3	6	288;205	1	3	8	2	0	7;5	-1	45	45	45	-1	-1	-1	0	0	0	0	attack	attack	0	1	attack	267	186	90	63	-1	50	5	1	1	1	9120005
120007	毒锥地狱	jineng81	"精确无比百连发，用傀儡围着对手高速旋转，打开乌鸦、黑蚁的胳膊向敌人发射上百支毒针,较难释放"	3	6	288;103	1	3	7	0	3	17;6.1	-1	33	33	33	-1	-1	-1	0	0	0	0	attack	attack	0	1	attack	267	186	90	63	-1	50	5	1	1	1	9120007
130002	纸海封印	jineng30	"将事先藏好在水中的6000亿引爆符分开，纸海一分为二，让敌人坠入，然后操控引爆符,较难释放"	4	6	432;351	1	3	7	3	0	15;12.2	-1	30	30	30	-1	-1	-1	0	0	0	0	attack	attack	0	1	attack	400	280	136	95	-1	100	6	1	1	1	9130002
130006	千鸟锐枪	jineng149	"将的查克拉实体化变成枪的形状,较难释放"	4	6	432;183	1	3	7	3	0	28;11.9	-1	26	26	26	-1	-1	-1	0	0	0	0	attack	attack	0	1	attack	400	280	136	95	-1	100	6	1	1	1	9130006
130009	幻龙九封尽	jineng30	"集结最强的十名忍者作为施术者，以所有人的意识启动封印像,较难释放"	4	6	432;148	1	3	6	4	0	38;13.1	-1	23	23	23	-1	-1	-1	0	0	0	0	attack	attack	0	1	attack	400	280	136	95	-1	100	6	1	1	1	9130009
800001	迦楼罗	jineng33	把肉眼看不见的极小型炸弹，散布在空气之中。敌人将炸弹吸入体内后，彻底破坏整个生物体，较难释放	4	6	432;152	1	4	7	3	0	22;7	-1	33	33	33	-1	-1	-1	0	0	0	0	attack	attack	0	1	attack	400	280	136	95	-1	100	6	1	1	1	9800001
800002	别天神	jineng36	可在不知不觉当中随意操纵别人，并永久性的改变别人的意志。被誉为最强幻术，较难释放	4	6	432;137	1	3	6	4	0	40;12.7	-1	23	23	23	-1	-1	-1	0	0	0	0	attack	attack	0	1	attack	400	280	136	95	-1	100	6	1	1	1	9800002
110003	龙火	jineng161	"借助条形物体放出直线型的火焰，速度和威力都是一流,较易释放"	2	6	192;88	1	4	6	0	4	5;2.3	-1	38	38	38	-1	-1	-1	0	0	0	0	attack	attack	0	1	attack	143	100	48	34	-1	25	3	1	1	1	9110003
110010	土陆归来	jineng14	"将手抠入地面瞬间制造一面土墙，阻击敌人,极易释放"	2	6	192;128	1	4	7	0	3	3;2	-1	45	45	45	-1	-1	-1	0	0	0	0	attack	attack	0	1	attack	143	100	48	34	-1	25	3	1	1	1	9110010
120006	虫沼	jineng65	把目标脚下的地面化作由寄坏虫架构而成的虫沼，借此将目标吞入其中，较难释放	3	6	288;112	1	4	7	0	3	10;3.9	-1	30	30	30	-1	-1	-1	0	0	0	0	attack	attack	0	1	attack	267	186	90	63	-1	50	5	1	1	1	9120006
120008	土牢堂无	jineng21	"将敌人关在土牢之中，土柱不断攻击敌人的忍术,较易释放"	3	6	288;127	1	4	7	3	0	7;3.1	-1	38	38	38	-1	-1	-1	0	0	0	0	attack	attack	0	1	attack	267	186	90	63	-1	50	5	1	1	1	9120008
120009	水鲛弹	jineng112	"破坏力相当大的忍术，并可以吸收对手的查克拉,较易释放"	3	6	288;148	1	4	8	2	0	6;3.1	-1	38	38	38	-1	-1	-1	0	0	0	0	attack	attack	0	1	attack	267	186	90	63	-1	50	5	1	1	1	9120009
130001	风之刃	jineng77	"是在手上聚集急速旋转的风作为剑的一种风遁忍术,较易释放"	4	6	432;188	1	4	8	2	0	11;4.8	-1	35	35	35	-1	-1	-1	0	0	0	0	attack	attack	0	1	attack	400	280	136	95	-1	100	6	1	1	1	9130001
130003	八卦六十四掌	jineng72	以359度全方位的白眼，加上置对手于八卦阵之内，用查克拉洞穿其身上六十四个主要穴位攻击，较难释放	3	6	288;130	1	4	7	3	0	6;5.5	-1	25	25	25	-1	-1	-1	0	0	0	2	attack	attack	0	1	attack	267	186	90	63	-1	50	5	1	1	1	9130003
130004	黄泉沼	jineng115	"把大地变粘稠的稀泥,藉此制造出大片的沼泽,较难释放"	4	6	432;295	1	4	7	0	3	12;8.2	-1	25	25	25	-1	-1	-1	0	0	0	0	attack	attack	0	1	attack	400	280	136	95	-1	100	6	1	1	1	9130004
500015	超音震雷遁刀	jineng39	"在刀上注入雷遁查克拉，使之具有超越风遁的的穿透力,较难释放"	3	6	288;112	1	4	9	0	1	9;3.5	-1	30	30	30	-1	-1	-1	0	0	0	2	attack	attack	0	1	attack	267	186	90	63	-1	50	5	1	1	1	9500015
100004	心中斩首	jineng29	"将对手拖入土中活埋的土遁之术,较难释放"	1	6	128;70	1	5	7	0	3	4;2.2	-1	33	33	33	-1	-1	-1	0	0	0	0	attack	attack	0	1	attack	119	83	40	28	-1	15	2	1	1	1	9100004
110000	凤仙火	jineng13	"将查克拉提到口中，并喷出，此术攻击轨道可以由查克拉丝来控制，呈散花状,较易释放"	2	6	192;126	1	5	7	0	3	5;3.3	-1	35	35	35	-1	-1	-1	0	0	0	0	attack	attack	0	1	attack	143	100	48	34	-1	25	3	1	1	1	9110000
210002	如雨露千本	jineng70	一千枚铁针在查克拉的控制下 攻击敌人，全无死角，较难释放	2	6	192;88	2	1	1	9	0	5;2.3	-1	30	30	30	-1	-1	-1	0	0	0	0	attack	attack	0	1	attack	143	100	48	34	-1	25	3	1	1	1	9210002
210003	土龙隐	jineng147	黏土形成的龙，藏于地下，随忍者控制而起爆，较难释放	2	6	192;140	2	1	4	6	0	3;2.2	-1	30	30	30	-1	-1	-1	0	0	0	0	attack	attack	0	1	attack	143	100	48	34	-1	25	3	1	1	1	9210003
210007	烈风掌	jineng51	长门小时候自来也教他的忍术，较难释放	2	6	192;100	2	1	3	7	0	4;2.1	-1	30	30	30	-1	-1	-1	0	0	0	0	attack	attack	0	1	attack	143	100	48	34	-1	25	3	1	1	1	9210007
220007	土流城壁	jineng14	"制造一个高墙。阻挡敌人的后路,这样他就没办法后退了,就躲不开正面一击了，较难释放"	3	6	288;307	2	1	4	6	0	3;3.2	-1	33	33	33	-1	-1	-1	0	0	0	0	attack	attack	0	1	attack	267	186	90	63	-1	50	5	1	1	1	9220007
220008	雷鸟	jineng116	此术曾斩断了天上的雷电，较难释放	3	6	288;86	2	1	1	9	0	9;2.7	-1	33	33	33	-1	-1	-1	0	0	0	0	attack	attack	0	1	attack	267	186	90	63	-1	50	5	1	1	1	9220008
220011	五食鲛	jineng114	"分别创造五条水之鲨鱼,活跃于水中吞噬对手，较难释放"	3	6	288;102	2	1	0	10	0	9;3.2	-1	32	32	32	-1	-1	-1	0	0	0	0	attack	attack	0	1	attack	267	186	90	63	-1	50	5	1	1	1	9220011
230002	砂瀑大葬	jineng75	"此忍术效果震撼. 攻击范围广，无需结印 只需将双手按在地上即可 ,较难释放"	4	6	432;151	2	1	3	7	0	14;4.9	-1	26	26	26	-1	-1	-1	0	0	0	0	attack	attack	0	1	attack	400	280	136	95	-1	100	6	1	1	1	9230002
230011	三日月之舞	jineng136	"瞬间分出2个影分身,同时影分身和本体同时分出10个分身攻击对方，较难释放"	4	6	432;151	2	1	4	6	0	14;4.9	-1	26	26	26	-1	-1	-1	0	0	0	0	attack	attack	0	1	attack	400	280	136	95	-1	100	6	1	1	1	9230011
500011	天照	500011	在万花筒写轮眼聚焦的地方燃起来自太阳的火焰，将一切烧尽，较难释放	4	6	432;232	3	1	0	4	6	13;7	-1	25	25	25	-1	-1	-1	0	0	0	0	attack	attack	0	1	attack	400	280	136	95	-1	100	6	1	1	1	9500011
500020	影分身	jineng36	影分身被列为禁术，因为影分身需要平均分配查克拉，可能会导致忍者查克拉用尽而亡。当影分身受到一点点伤害时，就会立刻消失，较易释放	3	6	288;172	2	1	6	4	0	4;2.4	-1	35	40	40	-1	-1	-1	0	0	0	2	attack	attack	0	1	attack	267	186	90	63	-1	50	5	1	1	1	9500020
200002	白牙之刃	jineng19	"流传于旗木一族的刀法,极易释放"	1	6	128;49	2	2	1	9	0	9;3.5	-1	66	66	66	-1	-1	-1	0	0	0	0	attack	attack	1	1	attack	119	83	40	28	-1	15	2	1	1	1	9200002
210000	仙火花	jineng15	"如同一碰就飞弹而出的原仙花种子一样，从施术者口中吐出的火焰向四面八方散开，袭击敌人！,极易释放"	2	6	192;78	2	2	3	7	0	16;6.5	-1	48	48	48	-1	-1	-1	0	0	0	0	attack	attack	1	1	attack	143	100	48	34	-1	25	3	1	1	1	9210000
210001	蛇睨咒缚	jineng42	"召唤出来的两条大蛇从袖口爬出来,并将眼前的敌人撕碎,极易释放"	2	6	192;62	2	2	2	8	0	20;6.5	-1	47	47	47	-1	-1	-1	0	0	0	0	attack	attack	1	1	attack	143	100	48	34	-1	25	3	1	1	1	9210001
210004	影首缚颈术	jineng47	利用伸长的影子伸向对手的颈部，直接将对手勒毙，极易释放	2	6	192;132	2	2	3	7	0	8;5.5	-1	66	66	66	-1	-1	-1	0	0	0	0	attack	attack	0	1	attack	143	100	48	34	-1	25	3	1	1	1	9210004
210005	乌鸦分身	jineng67	以乌鸦为媒介施展的分身术，并可利用幻术操控乌鸦进行攻击，极易释放	2	6	192;105	2	2	2	8	0	10;5.5	-1	66	66	66	-1	-1	-1	0	0	0	0	attack	attack	1	2	attack	143	100	48	34	-1	25	3	1	1	1	9210005
210006	土龙弹	jineng115	"从口中喷出大量的泥土来攻击对手的忍术,极易释放"	2	6	192;92	2	2	2	8	0	11;5.3	-1	66	66	66	-1	-1	-1	0	0	0	0	attack	attack	1	1	attack	143	100	48	34	-1	25	3	1	1	1	9210006
210008	水饴拿原	jineng28	"将一切触及到其的东西紧紧捉住的桎梏之池！！,极易释放"	2	6	192;71	2	2	1	9	0	20;7.4	-1	46	46	46	-1	-1	-1	0	0	0	0	attack	attack	1	1	attack	143	100	48	34	-1	25	3	1	1	1	9210008
210011	水分身	jineng137	"只有本体10%能力,不能远离本体,极易释放"	2	6	192;80	2	2	3	7	0	16;6.7	-1	47	47	47	-1	-1	-1	0	0	0	0	attack	attack	1	1	attack	143	100	48	34	-1	25	3	1	1	1	9210011
220000	大镰鼬	jineng76	攻防一体，将查克拉注入风中形成暴风进行刀砍式攻击，攻击范围广，持续时间长，破坏性强，极易释放	3	6	288;100	2	2	2	8	0	24;8.4	-1	56	56	56	-1	-1	-1	0	0	0	0	attack	attack	1	1	attack	267	186	90	63	-1	50	5	1	1	1	9220000
220001	背部尾刺	jineng46	"从背部的鬼脸型的洞口中伸长出用钢铁做的蝎子尾，可以自由伸长，只要轻轻被擦中就会中毒,极易释放"	3	6	288;190	2	2	0	7	3	21;13.9	-1	49	49	49	-1	-1	-1	0	0	0	0	attack	attack	1	1	attack	267	186	90	63	-1	50	5	1	1	1	9220001
220002	树缚永葬	jineng127	"用巨大的树木缠绕敌人全身后埋葬,较难释放"	3	6	288;108	2	2	1	9	0	49;18.4	-1	28	28	28	-1	-1	-1	0	0	0	0	attack	attack	1	1	attack	267	186	90	63	-1	50	5	1	1	1	9220002
220003	追牙术	jineng1	"召唤出的狗狗从地底钻出,命中敌人,极易释放"	3	6	288;119	2	2	3	7	0	20;8.3	-1	57	57	57	-1	-1	-1	0	0	0	0	attack	attack	1	1	attack	267	186	90	63	-1	50	5	1	1	1	9220003
220006	孢子之术	jineng128	"孢子化为类似于白绝的膨胀物包裹被附体者，吸收被附者的查克拉,极易释放"	3	6	288;205	2	2	0	6	4	15;10.7	-1	66	66	66	-1	-1	-1	0	0	0	0	attack	attack	1	1	attack	267	186	90	63	-1	50	5	1	1	1	9220006
220009	魔镜冰晶	jineng73	在敌人身边凝聚复数的冰镜，透过冰镜的反射，让敌人迷惑本体的位置，借机使用千本刺杀。	3	6	288;164	2	2	0	7	3	35;20	-1	26	26	26	-1	-1	-1	0	0	0	0	attack	attack	1	1	attack	267	186	90	63	-1	50	5	1	1	1	9220009
230000	阴愈伤灭	jineng63	"发挥让战况变得对自己有利的战斗辅助效果的术,极难释放"	4	6	432;199	2	2	1	9	0	119;55	-1	15	15	15	-1	-1	-1	0	0	0	0	attack	attack	1	1	attack	400	280	136	95	-1	100	6	1	1	1	9230000
330002	分身大爆破	jineng104	"具备本体的意识和性格以及一切查克拉属性,较易释放"	4	6	432;160	2	2	0	3	7	58;21.6	-1	43	43	43	-1	-1	-1	0	0	0	0	attack	attack	1	1	attack	400	280	136	95	-1	100	6	1	1	1	9330002
800003	大玉螺旋丸	jineng68	"比一般的螺旋丸巨大数倍，有两个人那么大，威力极强。只要炸裂，就可以轻易摧毁一座大山！,较易释放"	4	6	432;173	2	2	2	8	0	42;16.9	-1	44	44	44	-1	-1	-1	0	0	0	2	attack	attack	1	1	attack	400	280	136	95	-1	100	6	1	1	1	9800003
800004	超大玉螺旋丸	jineng69	比仙法·大玉螺旋丸更大，威力更强，较易释放	4	6	432;158	2	2	8	2	0	33;12.1	-1	44	44	44	-1	-1	-1	0	0	0	2	attack	attack	1	1	attack	400	280	136	95	-1	100	6	1	1	1	9800004
800006	肉弹战车	jineng10	让自己的身子膨胀，然后头和四肢缩进去，以惊人的破坏力攻击敌人，极易释放	2	6	192;113	2	2	3	7	0	9;5.3	-1	66	66	66	-1	-1	-1	0	0	0	0	attack	attack	1	1	attack	143	100	48	34	-1	25	3	1	1	1	9800006
800007	鸟兜	jineng16	"用花当手里剑攻击别人,极易释放"	2	6	192;75	2	2	3	7	0	12;4.7	-1	66	66	66	-1	-1	-1	0	0	0	0	attack	attack	1	1	attack	143	100	48	34	-1	25	3	1	1	1	9800007
800012	超兽伪画	jineng78	"佐井最强之术，将画在卷轴上的物体实体化的忍术,极易释放"	2	6	192;85	2	2	3	7	0	11;4.9	-1	66	66	66	-1	-1	-1	0	0	0	0	attack	attack	1	1	attack	143	100	48	34	-1	25	3	1	1	1	9800012
800023	灵魂吞噬	jineng132	"用手按住对方头部，并抽取灵魂,较难释放"	2	6	192;66	2	2	3	7	0	26;9	-1	33	33	33	-1	-1	-1	0	0	0	0	attack	attack	1	1	attack	143	100	48	34	-1	25	3	1	1	1	9800023
800024	怪腕火箭	jineng97	这是通过改造自己的肉体，将割开的腕部作为武器发射的术，较难释放	2	6	192;62	2	2	3	7	0	27;8.8	-1	33	33	33	-1	-1	-1	0	0	0	0	attack	attack	1	1	attack	143	100	48	34	-1	25	3	1	1	1	9800024
800025	吸术封印	jineng133	逆向回转体内的查克拉循环，吸入自己面前对手的术，较难释放	2	6	192;121	2	2	3	7	0	17;10.8	-1	33	33	33	-1	-1	-1	0	0	0	0	attack	attack	1	1	attack	143	100	48	34	-1	25	3	1	1	1	9800025
800026	判决	jineng95	"抓住对方的喉咙。然后召唤类似阎罗王的物体，对敌人进行审判,较难释放"	2	6	192;97	2	2	3	7	0	20;10.2	-1	33	33	33	-1	-1	-1	0	0	0	0	attack	attack	1	2	attack	143	100	48	34	-1	25	3	1	1	1	9800026
800028	仙人咒印	jineng47	"一但身处于自然查克拉较强的地域，就会出现发狂失控的精神变化，但是攻防会得到极大提升,较难释放"	2	6	192;66	2	2	3	7	0	26;9	-1	33	33	33	-1	-1	-1	0	0	0	0	attack	attack	1	1	attack	143	100	48	34	-1	25	3	1	1	1	9800028
800031	平目鲽解放	jineng153	形成查克拉聚集体，然后发出查克拉光球爆发出去，具有强大的破坏力，较难释放	2	6	192;80	2	2	3	7	0	23;9.6	-1	33	33	33	-1	-1	-1	0	0	0	0	attack	attack	1	1	attack	143	100	48	34	-1	25	3	1	1	1	9800031
500010	万般木遁	jineng66	"木遁的始祖独创的一类忍术,较易释放"	4	6	432;204	2	2	3	7	0	39;18.5	-1	40	40	40	-1	-1	-1	0	0	0	0	attack	attack	1	1	attack	400	280	136	95	-1	100	6	1	1	1	9500010
210010	墨分身	jineng62	以墨水作为媒介的分身术，永远找不到本尊在哪，较易释放	2	6	192;125	2	3	0	8	2	9;5.9	-1	40	40	40	-1	-1	-1	0	0	0	0	attack	attack	0	1	attack	143	100	48	34	-1	25	3	1	1	1	9210010
220010	豪水腕	jineng120	手臂特殊强化变得强壮，刀枪不入，较难释放	3	6	288;153	2	3	0	4	6	27;14.4	-1	25	25	25	-1	-1	-1	0	0	0	0	attack	attack	0	1	attack	267	186	90	63	-1	50	5	1	1	1	9220010
230010	人身冴功	jineng124	"将查克拉线连接在身上控制行动的忍术,较难释放"	4	6	432;158	2	3	1	9	0	48;17.6	-1	23	23	23	-1	-1	-1	0	0	0	0	attack	attack	0	1	attack	400	280	136	95	-1	100	6	1	1	1	9230010
200001	掷手里剑	jineng121	"丢出手里剑，击杀敌人,较易释放"	1	6	128;85	2	4	1	9	0	3;2	-1	40	40	40	-1	-1	-1	0	0	0	0	attack	attack	0	1	attack	119	83	40	28	-1	15	2	1	1	1	9200001
200003	查克拉刀	jineng6	能够与其查克拉融合的切刀。注入风遁力量时，可以轻易以刀贯穿石头，较难释放	1	6	128;49	2	4	1	9	0	6;2.3	-1	30	30	30	-1	-1	-1	0	0	0	0	attack	attack	0	1	attack	119	83	40	28	-1	15	2	1	1	1	9200003
230003	掌仙	jineng84	"按量不同让目标昏迷的医疗掌仙术,较难释放"	4	6	432;259	2	4	2	8	0	18;10.8	-1	23	23	23	-1	-1	-1	0	0	0	0	attack	attack	0	1	attack	400	280	136	95	-1	100	6	1	1	1	9230003
230006	三重罗生门	jineng147	"召唤出来的三个大门有着超高的防御力,较难释放"	4	6	432;284	2	4	2	8	0	12;7.9	-1	32	32	32	-1	-1	-1	0	0	0	0	attack	attack	0	1	attack	400	280	136	95	-1	100	6	1	1	1	9230006
230008	尾兽玉	500013	将查克拉压错聚集成球状，发射出去造成破坏，较易释放	4	6	432;318	2	4	2	8	0	8;5.9	-1	44	44	44	-1	-1	-1	0	0	0	0	attack	attack	0	1	attack	400	280	136	95	-1	100	6	1	1	1	9230008
900008	雷切	jineng38	此术曾斩断了天上的雷电，较易释放	3	6	288;141	2	4	1	9	0	10;4.9	-1	34	34	34	-1	-1	-1	0	0	0	2	attack	attack	0	1	attack	267	186	90	63	-1	50	5	1	1	1	9900008
500013	仙法螺旋丸	500013	仙人模式下的螺旋丸，更加强力，较难释放	4	6	432;267	2	4	4	6	0	11;6.8	-1	33	33	33	-1	-1	-1	0	0	0	0	attack	attack	0	2	attack	400	280	136	95	-1	100	6	1	1	1	9500013
500018	螺旋手里剑	500018	螺旋丸融合风遁形成的螺旋手里剑，较易释放	4	6	432;254	2	4	6	4	0	10;5.9	-1	34	34	34	-1	-1	-1	0	0	0	0	attack	attack	0	2	attack	400	280	136	95	-1	100	6	1	1	1	9500018
200000	纸手里剑	jineng56	"查克拉磨成的纸片化作斩空之刃！！ ,较易释放"	1	6	128;55	2	5	0	9	1	6;2.6	-1	38	38	38	-1	-1	-1	0	0	0	0	attack	attack	0	1	attack	119	83	40	28	-1	15	2	1	1	1	9200000
210009	土中潜航	jineng115	"查克拉将地下的固体沙石变成流体,使自己可以在地下土壤中快速游动。攻击出其不意，较难释放"	2	6	192;62	2	5	4	6	0	13;4.2	-1	33	33	33	-1	-1	-1	0	0	0	0	attack	attack	0	1	attack	143	100	48	34	-1	25	3	1	1	1	9210009
220004	大鲛弹之术	jineng112	"查克拉制造一只超大的鲨鱼型水弹攻击敌人，如果水弹受到物理攻击，则会瞬间吸光对方的查克拉,较难释放"	3	6	288;106	2	5	1	9	0	16;5.9	-1	33	33	33	-1	-1	-1	0	0	0	0	attack	attack	0	1	attack	267	186	90	63	-1	50	5	1	1	1	9220004
220005	镰鼬之舞	jineng74	将查克拉注入风中形成暴风进行刀砍式攻击，攻击范围广，持续时间长，破坏性强，较难释放	3	6	288;132	2	5	2	8	0	13;6	-1	33	33	33	-1	-1	-1	0	0	0	0	attack	attack	0	1	attack	267	186	90	63	-1	50	5	1	1	1	9220005
230001	水断波水遁	jineng64	从口中喷出急速的超高压细水柱攻击敌人，如同利刃一般，其威力和水压都极其强悍，极难释放	4	6	432;264	2	5	4	6	0	31;19	-1	15	15	15	-1	-1	-1	0	0	0	0	attack	attack	0	1	attack	400	280	136	95	-1	100	6	1	1	1	9230001
230004	治活再生	jineng83	"利用被施术者毛发等其他部位创造肉体的高难度医疗忍术,较难释放"	4	6	432;172	2	5	4	6	0	21;8.4	-1	30	30	30	-1	-1	-1	0	0	0	0	attack	attack	0	1	attack	400	280	136	95	-1	100	6	1	1	1	9230004
230005	乱身冲	jineng47	"用查克拉干扰神经系统形成混乱的忍术,极难释放"	4	6	432;302	2	5	4	6	0	28;19.6	-1	15	15	15	-1	-1	-1	0	0	0	0	attack	attack	0	1	attack	400	280	136	95	-1	100	6	1	1	1	9230005
230007	外道魔像	jineng142	召唤身为“尾兽容器”的“魔像”，让施术者与其同步加以控制。威力所向披靡，较难释放	4	6	432;316	2	5	4	6	0	15;11	-1	27	27	27	-1	-1	-1	0	0	0	0	attack	attack	0	1	attack	400	280	136	95	-1	100	6	1	1	1	9230007
230009	蛤蟆炎弹	jineng85	"在密闭的空间内,使用通灵之术,召唤妙木山岩宿蛤蟆的肠胃,其作用广泛,一是防御,二是困住对手,然后慢慢消化掉,较易释放"	4	6	432;314	2	5	4	6	0	11;8	-1	37	37	37	-1	-1	-1	0	0	0	0	attack	attack	1	1	attack	400	280	136	95	-1	100	6	1	1	1	9230009
800011	查克拉刀术	jineng149	"将查克拉覆满兵器，攻击敌人之术,较难释放"	3	6	288;117	2	5	1	9	0	15;6.1	-1	33	33	33	-1	-1	-1	0	0	0	0	attack	attack	0	1	attack	267	186	90	63	-1	50	5	1	1	1	9800011
500023	尾兽炮	500023	将查克拉压错聚集成球状，发射出去造成破坏，较难释放	4	6	432;269	2	5	4	6	0	17;10.6	-1	27	27	27	-1	-1	-1	0	0	0	2	attack	attack	0	1	attack	400	280	136	95	-1	100	6	1	1	1	9500023
300001	闪光十字斩	jineng6	以查克拉刀十字型斩，较难释放	1	6	128;115	3	1	3	0	7	2;1.8	-1	30	30	30	-1	-1	-1	0	0	0	0	attack	attack	0	1	attack	119	83	40	28	-1	15	2	1	1	1	9300001
310002	扦插之术	jineng60	生成木质长刺，进行穿刺攻击。数量根据使用者查克拉而定，较难释放	2	6	192;134	3	1	3	0	7	5;3.5	-1	22	22	22	-1	-1	-1	0	0	0	0	attack	attack	0	1	attack	143	100	48	34	-1	25	3	1	1	1	9310002
320004	组合变身	jineng100	与通灵兽组合变身，实力大幅提升的忍术，较易释放	3	6	288;252	3	1	3	0	7	4;3.5	-1	34	34	34	-1	-1	-1	0	0	0	0	attack	attack	0	1	attack	267	186	90	63	-1	50	5	1	1	1	9320004
330007	须佐能乎	jineng86	仙术血继限界，全身覆盖着咒印纹案，较难释放	4	6	432;249	3	1	3	0	7	10;5.8	-1	24	24	24	-1	-1	-1	0	0	0	0	attack	attack	0	1	attack	400	280	136	95	-1	100	6	1	1	1	9330007
330009	雷传	jineng109	"与一个影分身共同使用类似雷切的雷系忍术直接攻击敌人,较难释放"	4	6	432;193	2	1	3	7	0	24;8.5	-1	22	22	22	-1	-1	-1	0	0	0	0	attack	attack	0	1	attack	400	280	136	95	-1	100	6	1	1	1	9330009
500021	色诱术	jineng24	色诱术是鸣人自创的变身忍术，由施术者变成有云雾缭绕着的全裸美女，除了漂亮的脸蛋，最重要的是变化后的身体比例，较难释放	3	6	288;178	3	2	0	4	6	57;35.3	-1	20	20	20	-1	-1	-1	0	0	0	2	attack	attack	0	1	attack	267	186	90	63	-1	50	5	1	1	2	9500021
500022	后宫之术	500022	漩涡鸣人为了打败火影三代目而发明的，之后用此打败了惠比寿，惠比寿鼻血喷涌数十米，较难释放	4	6	432;160	3	3	0	2	8	45;16.7	-1	30	30	30	-1	-1	-1	0	0	0	2	attack	attack	0	1	attack	400	280	136	95	-1	100	6	1	1	2	9500022
310000	暗器针弹	jineng81	"涂有剧毒的毒针,乘其不备攻击目标,较易释放"	2	6	192;84	3	2	0	2	8	29;12.7	-1	35	35	35	-1	-1	-1	0	0	0	0	attack	attack	1	1	attack	143	100	48	34	-1	25	3	1	1	1	9310000
310001	水牢	jineng113	"以水困着敌方,令对方不能反击,较易释放"	2	6	192;74	3	2	0	3	7	27;10.5	-1	40	40	40	-1	-1	-1	0	0	0	0	attack	attack	1	1	attack	143	100	48	34	-1	25	3	1	1	1	9310001
310004	千手操武	jineng79	"一种攻击速度快、攻击范围广，且攻击力极强的一种傀儡机关术,较易释放"	2	6	192;79	3	2	3	0	7	21;8.7	-1	40	40	40	-1	-1	-1	0	0	0	0	attack	attack	1	1	attack	143	100	48	34	-1	25	3	1	1	1	9310004
310006	水阵柱	jineng111	放出一道竖起水墙来保护自己或其他目标，极易释放	2	6	192;111	3	2	3	0	7	10;5.8	-1	66	66	66	-1	-1	-1	0	0	0	0	attack	attack	1	1	attack	143	100	48	34	-1	25	3	1	1	1	9310006
310008	冰牙弹	jineng124	"这是运用由水中生出的水块，来给予敌人物理伤害的术,极易释放"	2	6	192;105	3	2	0	3	7	17;9.3	-1	50	50	50	-1	-1	-1	0	0	0	0	attack	attack	1	1	attack	143	100	48	34	-1	25	3	1	1	1	9310008
310009	岩击	jineng152	"像顽石一样击杀敌人,极易释放"	2	6	192;145	3	2	4	0	6	10;7.6	-1	50	50	50	-1	-1	-1	0	0	0	0	attack	attack	1	1	attack	143	100	48	34	-1	25	3	1	1	1	9310009
310010	蒸危爆威	jineng135	"无限爆破的忍术，一旦爆炸威力巨大，,极易释放"	2	6	192;61	3	2	0	3	7	25;8	-1	49	49	49	-1	-1	-1	0	0	0	0	attack	attack	1	1	attack	143	100	48	34	-1	25	3	1	1	1	9310010
310011	暴风乱舞	jineng141	火焰随以螺旋状打击很大范围内的敌人，而且火焰的扩散速度非常快，极易释放	2	6	192;111	3	2	3	0	7	10;5.8	-1	66	66	66	-1	-1	-1	0	0	0	0	attack	attack	1	1	attack	143	100	48	34	-1	25	3	1	1	1	9310011
320000	土陵团子	jineng142	"入地拔起一块巨型的团子状的岩石，攻击敌人,较难释放"	3	6	288;227	3	2	0	4	6	41;32.4	-1	23	23	23	-1	-1	-1	0	0	0	0	attack	attack	1	1	attack	267	186	90	63	-1	50	5	1	1	1	9320000
320001	蜃气楼	jineng92	"用幻术变出自己的一个影相，只要任何一样东西靠近影相，就会直接追击命中后并产生一座晶盾,极易释放"	3	6	288;134	3	2	4	0	6	18;8.4	-1	60	60	60	-1	-1	-1	0	0	0	0	attack	attack	1	1	attack	267	186	90	63	-1	50	5	1	1	1	9320001
320003	毒雾	jineng129	"从口中吐出毒气,攻击对手，极易释放"	3	6	288;106	3	2	0	2	8	38;14	-1	45	45	45	-1	-1	-1	0	0	0	0	attack	attack	1	1	attack	267	186	90	63	-1	50	5	1	1	1	9320003
320008	爆水冲波	jineng117	在无水的环境里创造一个巨大无比湖状水环境，较难释放	3	6	288;162	3	2	0	7	3	35;19.8	-1	33	33	33	-1	-1	-1	0	0	0	0	attack	attack	1	1	attack	267	186	90	63	-1	50	5	1	1	1	9320008
320011	水牙弹	jineng155	"召唤出由水凝聚成的尖牙,出其不意的攻击对手腿部,较易释放"	3	6	288;101	3	2	3	0	7	37;13	-1	38	38	38	-1	-1	-1	0	0	0	0	attack	attack	1	1	attack	267	186	90	63	-1	50	5	1	1	1	9320011
330003	手里剑影分身	jineng17	使抛出的手里剑无限分身，造成分身实体手里剑剑雨，较难释放	4	6	432;138	3	2	3	0	7	93;29.9	-1	24	24	24	-1	-1	-1	0	0	0	0	attack	attack	1	1	attack	400	280	136	95	-1	100	6	1	1	1	9330003
330004	镜面袭者	jineng130	"复制出与当时的撕符者拥有相同外表、能力的复制品,并对其展开攻击，较难释放"	4	6	432;228	3	2	0	0	10	77;40.7	-1	27	27	27	-1	-1	-1	0	0	0	0	attack	attack	1	1	attack	400	280	136	95	-1	100	6	1	1	1	9330004
330008	雷虎通杀	jineng148	"该术发动时是将查克拉集中在手心,形成雷切,并制造出“犬”状的雷电,可自由控制“犬”的距离和方向攻击目标，极难释放"	4	6	432;140	3	2	0	3	7	227;73.6	-1	12	12	12	-1	-1	-1	0	0	0	0	attack	attack	1	1	attack	400	280	136	95	-1	100	6	1	1	1	9330008
330012	飞雷神	jineng119	超强时空间忍术，利用术式达到瞬间移动和空间跳跃，来攻击敌人，较易释放	4	6	432;205	3	2	0	0	10	83;39.5	-1	32	32	32	-1	-1	-1	0	0	0	0	attack	attack	0	1	attack	400	280	136	95	-1	100	6	1	1	1	9330012
800021	火焰斩	jineng161	"凝聚火焰以刀，斩杀敌人,较难释放"	2	6	192;77	3	2	3	0	7	26;10.5	-1	33	33	33	-1	-1	-1	0	0	0	0	attack	attack	1	1	attack	143	100	48	34	-1	25	3	1	1	1	9800021
800022	里霞斩	jineng149	"云流·里斩的强化版,威力很强大!! ,较易释放"	2	6	192;100	3	2	0	3	7	22;11.5	-1	40	40	40	-1	-1	-1	0	0	0	0	attack	attack	1	1	attack	143	100	48	34	-1	25	3	1	1	1	9800022
800027	牙通牙	jineng59	兽人分身之后， 两个人快速的旋转，形成有如两个龙卷风的型态攻击对手，较难释放	2	6	192;138	3	2	3	0	7	17;12.3	-1	33	33	33	-1	-1	-1	0	0	0	0	attack	attack	1	1	attack	143	100	48	34	-1	25	3	1	1	1	9800027
300003	发破勒重死	jineng159	通过卷轴在周围形成的圈，通过刀上的引爆符，在圈内爆炸来攻击敌人，较难释放	1	6	128;72	3	3	3	0	7	8;4.5	-1	30	30	30	-1	-1	-1	0	0	0	0	attack	attack	0	1	attack	119	83	40	28	-1	15	2	1	1	1	9300003
310003	镰鼬	jineng74	"以旋风的姿态出现,用像镰刀一样锐利的袭击遇到的人,较难释放"	2	6	192;140	3	3	0	3	7	12;8.8	-1	30	30	30	-1	-1	-1	0	0	0	0	attack	attack	0	1	attack	143	100	48	34	-1	25	3	1	1	1	9310003
310005	操袭太刃	jineng56	"操纵数只苦无进行强力攻击的忍术,较难释放"	2	6	192;64	3	3	3	0	7	17;5.7	-1	30	30	30	-1	-1	-1	0	0	0	0	attack	attack	0	1	attack	143	100	48	34	-1	25	3	1	1	1	9310005
310007	破奔流	jineng125	在手中集中水，使用查克拉强力挤压，达到临界点喷薄而出的忍术，较难释放	2	6	192;155	3	3	3	0	7	9;7.3	-1	30	30	30	-1	-1	-1	0	0	0	0	attack	attack	0	1	attack	143	100	48	34	-1	25	3	1	1	1	9310007
320005	细患抽出	jineng84	感知体内混乱的查克拉，可以看出毒素，可医人亦可杀人，较难释放	3	6	288;131	3	3	3	0	7	26;11.9	-1	24	24	24	-1	-1	-1	0	0	0	0	attack	attack	0	1	attack	267	186	90	63	-1	50	5	1	1	1	9320005
330011	己生转生	jineng83	"以本身全部的查克拉作为媒介，把生命力分给受术者。该忍术可以对生者或者死者使用,极难释放"	4	6	432;286	3	3	0	4	6	78;51.8	-1	11	11	11	-1	-1	-1	0	0	0	0	attack	attack	0	1	attack	400	280	136	95	-1	100	6	1	1	1	9330011
300002	瞬身刃	jineng6	以查克拉进行的高速移动。由於移动速度极快，所以造成空间转移的错觉，较难释放	1	6	128;96	3	4	0	3	7	4;3	-1	33	33	33	-1	-1	-1	0	0	0	0	attack	attack	0	1	attack	119	83	40	28	-1	15	2	1	1	1	9300002
320002	斩斩舞	jineng117	"通灵兽镰多利在召唤的瞬间可以凭借忍者制造的飓风四处破坏,威力惊人,较易释放"	3	6	288;106	3	4	0	3	7	13;4.8	-1	38	38	38	-1	-1	-1	0	0	0	0	attack	attack	0	1	attack	267	186	90	63	-1	50	5	1	1	1	9320002
320006	土流大河	jineng115	"制造出大量的泥土,把对手卷走，较易释放"	3	6	288;102	3	4	3	0	7	11;3.9	-1	38	38	38	-1	-1	-1	0	0	0	0	attack	attack	0	1	attack	267	186	90	63	-1	50	5	1	1	1	9320006
320007	土流割	jineng162	"伸向地面,前方就会裂开的土遁忍术，较易释放"	3	6	288;179	3	4	0	3	7	9;5.6	-1	38	38	38	-1	-1	-1	0	0	0	0	attack	attack	0	1	attack	267	186	90	63	-1	50	5	1	1	1	9320007
330001	木龙之术	jineng66	"召唤一只大木龙，对敌人发起攻击,较难释放"	4	6	432;162	3	4	3	0	7	26;9.8	-1	23	23	23	-1	-1	-1	0	0	0	0	attack	attack	0	1	attack	400	280	136	95	-1	100	6	1	1	1	9330001
330005	漩涡封印术	fengyinshu	涡之传承：封印术，较难释放	4	6	432;379	3	4	4	0	6	9;7.9	-1	33	33	33	-1	-1	-1	0	0	0	2	attack	attack	0	1	attack	400	280	136	95	-1	100	6	1	1	1	9330005
330006	麒麟	jineng163	"利用查克拉制造雷云以飞快的速度将雷引向敌人，无法闪避且威力强大,较难释放"	4	6	432;311	3	4	2	0	8	14;10.1	-1	29	29	29	-1	-1	-1	0	0	0	0	attack	attack	0	1	attack	400	280	136	95	-1	100	6	1	1	1	9330006
330010	尸鬼封尽	jineng11	一种由牺牲自己性命，来永远封印住施术对象灵魂的极致封印术，较易释放	4	6	432;204	1	4	6	4	0	19;9	-1	35	35	35	-1	-1	-1	0	0	0	0	attack	attack	0	1	attack	400	280	136	95	-1	100	6	1	1	1	9330010
300000	爆炸符	jineng8	"丢出爆炸符，攻击敌人,较难释放"	1	6	128;102	3	5	3	0	7	4;3.2	-1	33	33	33	-1	-1	-1	0	0	0	0	attack	attack	0	1	attack	119	83	40	28	-1	15	2	1	1	1	9300000
320010	里莲华	jineng28	"在打开八门遁甲第三门“生门”之后，超过音速的速度高速打击对手，杀伤力极大,较难释放"	3	6	288;214	1	5	6	0	4	13;9.7	-1	24	24	24	-1	-1	-1	0	0	0	0	attack	attack	0	1	attack	267	186	90	63	-1	50	5	1	1	1	9320010
410000	消写颜	jineng129	大蛇丸最擅长的冷血化妆术	2	6	230;230	4	-1	-1	-1	-1	-1	baseShenFaPerAdd:0.01;0.01	-1	-1	-1	-1	-1	-1	-1	-1	-1	0	attack	attack	1	1	attack	178	124	60	42	-1	25	4	1	1	1	9410000
410001	梦幻音锁	jineng130	"用声音制造幻术,中者在特殊的精神世界肉体会被融化"	2	6	230;95	4	-1	-1	-1	-1	-1	baseKangBaoAdd:5;2.08	-1	-1	-1	-1	-1	-1	-1	-1	-1	0	attack	attack	1	1	attack	178	124	60	42	-1	25	4	1	1	1	9410001
410002	响鸣穿	jineng131	利用特殊的器具发出声音的忍术	2	6	230;101	4	-1	-1	-1	-1	-1	baseBaoJiAdd:6;2.64	-1	-1	-1	-1	-1	-1	-1	-1	-1	0	attack	attack	1	1	attack	178	124	60	42	-1	25	4	1	1	1	9410002
410003	墨霞	jineng144	以包围自己的墨之雾隐藏其身	2	6	230;208	4	-1	-1	-1	-1	-1	baseKangBaoAdd:3;2.72	-1	-1	-1	-1	-1	-1	-1	-1	-1	0	attack	attack	1	1	attack	178	124	60	42	-1	25	4	1	1	1	9410003
410004	青蛙变身	jineng133	把对方变成青蛙之术	2	6	230;230	4	-1	-1	-1	-1	-1	baseShenFaPerAdd:0.01;0.01	-1	-1	-1	-1	-1	-1	-1	-1	-1	0	attack	attack	1	1	attack	178	124	60	42	-1	25	4	1	1	1	9410004
410005	影舞叶	jineng134	"狮子连弹的前身,把对方踢上半空,在给予对方重击"	2	6	230;82	4	-1	-1	-1	-1	-1	baseShanBiAdd:6;2.16	-1	-1	-1	-1	-1	-1	-1	-1	-1	0	attack	attack	1	1	attack	178	124	60	42	-1	25	4	1	1	1	9410005
410006	狐狸心中	jineng135	"令人不断在同一处地方打转,走不出幻影的迷宫"	2	6	230;76	4	-1	-1	-1	-1	-1	baseFangYuPerAdd:0.03;0.01	-1	-1	-1	-1	-1	-1	-1	-1	-1	0	attack	attack	1	1	attack	178	124	60	42	-1	25	4	1	1	1	9410006
410007	此处非	jineng137	令对手误认一处为另一处地方用的幻术	2	6	230;115	4	-1	-1	-1	-1	-1	baseWuLiPerAdd:0.02;0.01	-1	-1	-1	-1	-1	-1	-1	-1	-1	0	attack	attack	1	1	attack	178	124	60	42	-1	25	4	1	1	1	9410007
410008	奈落见	jineng137	让对手看到心中不愿意看到的恐怖景象之幻术	2	6	230;198	4	-1	-1	-1	-1	-1	baseHuiXinAdd:4;3.44	-1	-1	-1	-1	-1	-1	-1	-1	-1	0	attack	attack	1	1	attack	178	124	60	42	-1	25	4	1	1	1	9410008
410009	木人	jineng138	化身木人，能力大幅提升。	2	6	230;180	4	-1	-1	-1	-1	-1	baseMingZhongAdd:5;3.92	-1	-1	-1	-1	-1	-1	-1	-1	-1	0	attack	attack	1	1	attack	178	124	60	42	-1	25	4	1	1	1	9410009
410010	风尘	jineng184	无限砂尘环绕整个战斗场地。	2	6	230;86	4	-1	-1	-1	-1	-1	baseMingZhongAdd:7;2.64	-1	-1	-1	-1	-1	-1	-1	-1	-1	0	attack	attack	1	1	attack	178	124	60	42	-1	25	4	1	1	1	9410010
410011	石针	jineng180	 通过绳索传导查克拉以麻痹对手的忍术	2	6	230;221	4	-1	-1	-1	-1	-1	baseShanBiAdd:3;2.88	-1	-1	-1	-1	-1	-1	-1	-1	-1	0	attack	attack	1	1	attack	178	124	60	42	-1	25	4	1	1	1	9410011
410012	四柱家	jineng141	创造一个内部构造也非常丰富的房屋	2	6	230;230	4	-1	-1	-1	-1	-1	baseNeiLiPerAdd:0.01;0.01	-1	-1	-1	-1	-1	-1	-1	-1	-1	0	attack	attack	1	1	attack	178	124	60	42	-1	25	4	1	1	1	9410012
410013	木锭壁	jineng142	血继限界使用的防御系忍术，一排木柱从地上弯曲形成拱璧保护自己。	2	6	230;230	4	-1	-1	-1	-1	-1	baseHpPerAdd:0.01;0.01	-1	-1	-1	-1	-1	-1	-1	-1	-1	0	attack	attack	1	1	attack	178	124	60	42	-1	25	4	1	1	1	9410013
410014	软体改造	jineng143	改造身体，使肉体变得坚韧	2	6	230;94	4	-1	-1	-1	-1	-1	baseHuiXinAdd:7;2.88	-1	-1	-1	-1	-1	-1	-1	-1	-1	0	attack	attack	1	1	attack	178	124	60	42	-1	25	4	1	1	1	9410014
410015	网罗	jineng185	忍军中常用忍术，网住敌人，控制其移动。	2	6	230;230	4	-1	-1	-1	-1	-1	baseWuLiPerAdd:0.01;0.01	-1	-1	-1	-1	-1	-1	-1	-1	-1	0	attack	attack	1	1	attack	178	124	60	42	-1	25	4	1	1	1	9410015
410016	砂金	jineng178	磁遁控制密度较大的砂金，拱卫自身	2	6	230;230	4	-1	-1	-1	-1	-1	baseFangYuPerAdd:0.02;0.02	-1	-1	-1	-1	-1	-1	-1	-1	-1	0	attack	attack	1	1	attack	178	124	60	42	-1	25	4	1	1	1	9410016
410017	岩分身	jineng4	以岩为媒介的分身，提忍者抵挡攻击	2	6	230;230	4	-1	-1	-1	-1	-1	baseHpPerAdd:0.01;0.01	-1	-1	-1	-1	-1	-1	-1	-1	-1	0	attack	attack	1	1	attack	178	124	60	42	-1	25	4	1	1	1	9410017
410018	磷粉隐	jineng174	"能阻挡光的传递,别人看到只有一片漆黑"	2	6	230;115	4	-1	-1	-1	-1	-1	baseNeiLiPerAdd:0.02;0.01	-1	-1	-1	-1	-1	-1	-1	-1	-1	0	attack	attack	1	1	attack	178	124	60	42	-1	25	4	1	1	1	9410018
410019	蜘蛛茧	jineng148	用蛛丝像保存食物般裹住目标或自己	2	6	230;198	4	-1	-1	-1	-1	-1	baseBaoJiAdd:4;3.44	-1	-1	-1	-1	-1	-1	-1	-1	-1	0	attack	attack	1	1	attack	178	124	60	42	-1	25	4	1	1	1	9410019
420000	加重岩	jineng153	直接或间接减轻物体重量	3	6	345;116	4	-1	-1	-1	-1	-1	baseKangBaoAdd:10;3.36	-1	-1	-1	-1	-1	-1	-1	-1	-1	0	attack	attack	1	1	attack	320	224	108	76	-1	50	5	1	1	1	9420000
420001	迷彩隐	jineng164	利用涂料隐蔽我方，欺骗迷惑对方。	3	6	345;110	4	-1	-1	-1	-1	-1	baseShanBiAdd:11;3.52	-1	-1	-1	-1	-1	-1	-1	-1	-1	0	attack	attack	1	1	attack	320	224	108	76	-1	50	5	1	1	1	9420001
420002	天降盖	jineng151	"用从上方的异空间洞中降落下来的""锅盖""砸向敌人,"	3	6	345;86	4	-1	-1	-1	-1	-1	baseNeiLiPerAdd:0.04;0.01	-1	-1	-1	-1	-1	-1	-1	-1	-1	0	attack	attack	1	1	attack	320	224	108	76	-1	50	5	1	1	1	9420002
420003	地动核	jineng154	"凭借土遁的力量将一块正方形的土地瞬间抬升或沉降的忍术,"	3	6	345;86	4	-1	-1	-1	-1	-1	baseWuLiPerAdd:0.04;0.01	-1	-1	-1	-1	-1	-1	-1	-1	-1	0	attack	attack	1	1	attack	320	224	108	76	-1	50	5	1	1	1	9420003
420004	水流壁	jineng34	在敌人面前生成一幕水墙，阻挡敌人攻击	3	6	345;104	4	-1	-1	-1	-1	-1	baseHuiXinAdd:14;4.24	-1	-1	-1	-1	-1	-1	-1	-1	-1	0	attack	attack	1	1	attack	320	224	108	76	-1	50	5	1	1	1	9420004
420005	四柱束缚	jineng154	攻击目标周围召出四个向中间集中雷属性攻击的柱子。	3	6	345;239	4	-1	-1	-1	-1	-1	baseBaoJiAdd:9;6.24	-1	-1	-1	-1	-1	-1	-1	-1	-1	0	attack	attack	1	1	attack	320	224	108	76	-1	50	5	1	1	1	9420005
420006	逆向通灵	jineng155	无敌逃跑之术，可以让忍者被自己的通灵兽召唤。	3	6	345;172	4	-1	-1	-1	-1	-1	baseHpPerAdd:0.02;0.01	-1	-1	-1	-1	-1	-1	-1	-1	-1	0	attack	attack	1	1	attack	320	224	108	76	-1	50	5	1	1	1	9420006
420007	天送	jineng156	将物体高速发送到高空 然后从高空再传至地面，一般用于送物。	3	6	345;345	4	-1	-1	-1	-1	-1	baseNeiLiPerAdd:0.02;0.02	-1	-1	-1	-1	-1	-1	-1	-1	-1	0	attack	attack	1	1	attack	320	224	108	76	-1	50	5	1	1	1	9420007
420008	纸分身	jineng157	以纸为媒介，做的分身。	3	6	345;115	4	-1	-1	-1	-1	-1	baseHpPerAdd:0.03;0.01	-1	-1	-1	-1	-1	-1	-1	-1	-1	0	attack	attack	1	1	attack	320	224	108	76	-1	50	5	1	1	1	9420008
420009	岩石傀儡	jineng187	召唤出岩石傀儡，抵挡攻击。	3	6	345;115	4	-1	-1	-1	-1	-1	baseFangYuPerAdd:0.06;0.02	-1	-1	-1	-1	-1	-1	-1	-1	-1	0	attack	attack	1	1	attack	320	224	108	76	-1	50	5	1	1	1	9420009
420010	水镜	jineng181	"在自己身前设下一面镜子,攻击中的敌人会被镜子反射出另一个自己"	3	6	345;276	4	-1	-1	-1	-1	-1	baseShanBiAdd:6;4.8	-1	-1	-1	-1	-1	-1	-1	-1	-1	0	attack	attack	1	1	attack	320	224	108	76	-1	50	5	1	1	1	9420010
420011	灵化	jineng160	将身体灵化，免疫一切攻击	3	6	345;115	4	-1	-1	-1	-1	-1	baseShenFaPerAdd:0.03;0.01	-1	-1	-1	-1	-1	-1	-1	-1	-1	0	attack	attack	1	1	attack	320	224	108	76	-1	50	5	1	1	1	9420011
420012	昼虎	jineng161	经过压缩后猛烈扩张的正拳	3	6	345;172	4	-1	-1	-1	-1	-1	baseShenFaPerAdd:0.02;0.01	-1	-1	-1	-1	-1	-1	-1	-1	-1	0	attack	attack	1	1	attack	320	224	108	76	-1	50	5	1	1	1	9420012
420013	重流暴	jineng144	把雷遁查克拉集中在手肘上击向敌人	3	6	345;239	4	-1	-1	-1	-1	-1	baseHuiXinAdd:9;6.24	-1	-1	-1	-1	-1	-1	-1	-1	-1	0	attack	attack	1	1	attack	320	224	108	76	-1	50	5	1	1	1	9420013
420014	开土升掘	jineng188	开山裂土，可以把地下的敌人喷出。	3	6	345;112	4	-1	-1	-1	-1	-1	baseMingZhongAdd:15;4.88	-1	-1	-1	-1	-1	-1	-1	-1	-1	0	attack	attack	1	1	attack	320	224	108	76	-1	50	5	1	1	1	9420014
420015	山土	jineng150	"从地底产生两座巨山,分由左右阻挡敌人"	3	6	345;290	4	-1	-1	-1	-1	-1	baseKangBaoAdd:6;5.04	-1	-1	-1	-1	-1	-1	-1	-1	-1	0	attack	attack	1	1	attack	320	224	108	76	-1	50	5	1	1	1	9420015
420016	朝孔雀	jineng165	"对方的眼前突然出现,然后对对方施以连环脚踢。"	3	6	345;345	4	-1	-1	-1	-1	-1	baseWuLiPerAdd:0.02;0.02	-1	-1	-1	-1	-1	-1	-1	-1	-1	0	attack	attack	1	1	attack	320	224	108	76	-1	50	5	1	1	1	9420016
420017	黑暗行	jineng166	让对方只能看见一片黑暗，无法再看到任何东西。	3	6	345;269	4	-1	-1	-1	-1	-1	baseShanBiAdd:8;6.24	-1	-1	-1	-1	-1	-1	-1	-1	-1	0	attack	attack	1	1	attack	320	224	108	76	-1	50	5	1	1	1	9420017
420018	砂缚牢	jineng147	使用查克拉，操作砂砾束缚对方。	3	6	345;104	4	-1	-1	-1	-1	-1	baseBaoJiAdd:14;4.24	-1	-1	-1	-1	-1	-1	-1	-1	-1	0	attack	attack	1	1	attack	320	224	108	76	-1	50	5	1	1	1	9420018
420019	式纸之舞	jineng168	翩翩起舞的蝴蝶演绎出变换自如的华丽忍术。	3	6	345;259	4	-1	-1	-1	-1	-1	baseFangYuPerAdd:0.04;0.03	-1	-1	-1	-1	-1	-1	-1	-1	-1	0	attack	attack	1	1	attack	320	224	108	76	-1	50	5	1	1	1	9420019
430000	雨虎自在	jineng169	将施术者的查克拉注入雨中，从而能操控自如的感知忍术。	4	6	518;207	4	-1	-1	-1	-1	-1	baseShenFaPerAdd:0.05;0.02	-1	-1	-1	-1	-1	-1	-1	-1	-1	0	attack	attack	1	1	attack	412	288	140	97	-1	100	6	1	1	1	9430000
430001	砂漠浮游	jineng170	用砂子创造可以漂浮在半空的特别忍术	4	6	518;311	4	-1	-1	-1	-1	-1	baseWuLiPerAdd:0.05;0.03	-1	-1	-1	-1	-1	-1	-1	-1	-1	0	attack	attack	1	1	attack	412	288	140	97	-1	100	6	1	1	1	9430001
430002	砂之盾	jineng171	"随身携带一部分带有查克拉的砂子,形成防御。"	4	6	518;141	4	-1	-1	-1	-1	-1	baseHuiXinAdd:26;7.12	-1	-1	-1	-1	-1	-1	-1	-1	-1	0	attack	attack	1	1	attack	412	288	140	97	-1	100	6	1	1	1	9430002
430003	砂之铠甲	jineng177	在皮肤外层包裹一层坚硬的砂砾。	4	6	518;296	4	-1	-1	-1	-1	-1	baseFangYuPerAdd:0.07;0.04	-1	-1	-1	-1	-1	-1	-1	-1	-1	0	attack	attack	1	1	attack	412	288	140	97	-1	100	6	1	1	1	9430003
430004	幻灯身	jineng173	"成员用查克拉转换成的「思念波」,而指挥者接受这些波,把这些思念波增幅再将幻像显现在特定的地方上面"	4	6	518;259	4	-1	-1	-1	-1	-1	baseHpPerAdd:0.04;0.02	-1	-1	-1	-1	-1	-1	-1	-1	-1	0	attack	attack	1	1	attack	412	288	140	97	-1	100	6	1	1	1	9430004
430005	象转	jineng172	可使其他人得到与特定人物相同的相貌并可使用特定人物会的一切术	4	6	518;148	4	-1	-1	-1	-1	-1	baseNeiLiPerAdd:0.07;0.02	-1	-1	-1	-1	-1	-1	-1	-1	-1	0	attack	attack	1	1	attack	412	288	140	97	-1	100	6	1	1	1	9430005
430006	针地藏	jineng175	自己的银色长发硬化，变成刺的形式并且伸展，包裹住整个身体	4	6	518;311	4	-1	-1	-1	-1	-1	baseNeiLiPerAdd:0.05;0.03	-1	-1	-1	-1	-1	-1	-1	-1	-1	0	attack	attack	1	1	attack	412	288	140	97	-1	100	6	1	1	1	9430006
430007	孢子	jineng176	将身体打散，如天空中漂浮的孢子	4	6	518;140	4	-1	-1	-1	-1	-1	baseBaoJiAdd:29;7.84	-1	-1	-1	-1	-1	-1	-1	-1	-1	0	attack	attack	1	1	attack	412	288	140	97	-1	100	6	1	1	1	9430007
430008	魔境之乱	jineng137	"怒鬼会制造半物质的精神灵,它们会吞食掉生物体的身体能量"	4	6	518;366	4	-1	-1	-1	-1	-1	baseKangBaoAdd:12;8.48	-1	-1	-1	-1	-1	-1	-1	-1	-1	0	attack	attack	1	1	attack	412	288	140	97	-1	100	6	1	1	1	9430008
430009	蛤蟆临唱	jineng22	"发出青蛙的叫声催眠对方,是对方丧失战斗力。-"	4	6	518;148	4	-1	-1	-1	-1	-1	baseShenFaPerAdd:0.07;0.02	-1	-1	-1	-1	-1	-1	-1	-1	-1	0	attack	attack	1	1	attack	412	288	140	97	-1	100	6	1	1	1	9430009
430010	无限砂尘	jineng179	让周围环境布满沙尘，对手完全看见出手者的攻击轨迹。	4	6	518;322	4	-1	-1	-1	-1	-1	baseShanBiAdd:13;8.08	-1	-1	-1	-1	-1	-1	-1	-1	-1	0	attack	attack	1	1	attack	412	288	140	97	-1	100	6	1	1	1	9430010
430011	花树界	jineng66	发动此术，规模极大，可以一瞬间创造出一片森林	4	6	518;141	4	-1	-1	-1	-1	-1	baseKangBaoAdd:24;6.56	-1	-1	-1	-1	-1	-1	-1	-1	-1	0	attack	attack	1	1	attack	412	288	140	97	-1	100	6	1	1	1	9430011
430012	砂之手	jineng29	将手臂沙化，增加本体防御。	4	6	518;331	4	-1	-1	-1	-1	-1	baseHuiXinAdd:15;9.6	-1	-1	-1	-1	-1	-1	-1	-1	-1	0	attack	attack	1	1	attack	412	288	140	97	-1	100	6	1	1	1	9430012
430013	真空玉	jineng182	"具有穿透空间力量,无视对方防御的攻击"	4	6	518;259	4	-1	-1	-1	-1	-1	baseShenFaPerAdd:0.04;0.02	-1	-1	-1	-1	-1	-1	-1	-1	-1	0	attack	attack	1	1	attack	412	288	140	97	-1	100	6	1	1	1	9430013
430014	真空波	jineng183	抽空周围空气，形成一连串的波纹。	4	6	518;129	4	-1	-1	-1	-1	-1	baseWuLiPerAdd:0.08;0.02	-1	-1	-1	-1	-1	-1	-1	-1	-1	0	attack	attack	1	1	attack	412	288	140	97	-1	100	6	1	1	1	9430014
430015	树界	jineng0	将自己的查克拉做为树木的生命力。	4	6	518;159	4	-1	-1	-1	-1	-1	baseKangBaoAdd:21;6.48	-1	-1	-1	-1	-1	-1	-1	-1	-1	0	attack	attack	1	1	attack	412	288	140	97	-1	100	6	1	1	1	9430015
430016	原界剥离	jineng155	可以把对手分离成原子状态，再也无法修复	4	6	518;331	4	-1	-1	-1	-1	-1	baseBaoJiAdd:15;9.6	-1	-1	-1	-1	-1	-1	-1	-1	-1	0	attack	attack	1	1	attack	412	288	140	97	-1	100	6	1	1	1	9430016
430017	神之纸者	jineng158	将自己也变成一片片纸，漂浮于空气之中。	4	6	518;324	4	-1	-1	-1	-1	-1	baseMingZhongAdd:16;10	-1	-1	-1	-1	-1	-1	-1	-1	-1	0	attack	attack	1	1	attack	412	288	140	97	-1	100	6	1	1	1	9430017
430018	潜脑操砂	jineng163	能够穿透大脑的镖针封印的是忠诚心	4	6	518;142	4	-1	-1	-1	-1	-1	baseMingZhongAdd:27;7.44	-1	-1	-1	-1	-1	-1	-1	-1	-1	0	attack	attack	1	1	attack	412	288	140	97	-1	100	6	1	1	1	9430018
430019	巧雾	jineng69	身边布满迷雾，可以融化一切。	4	6	518;129	4	-1	-1	-1	-1	-1	baseFangYuPerAdd:0.12;0.03	-1	-1	-1	-1	-1	-1	-1	-1	-1	0	attack	attack	1	1	attack	412	288	140	97	-1	100	6	1	1	1	9430019
800029	秽土重生	jineng43	将早已过世的人的灵魂召回人世，并以实体形式复生。	4	6	518;311	4	-1	-1	-1	-1	-1	baseHpPerAdd:0.05;0.03	-1	-1	-1	-1	-1	-1	-1	-1	-1	0	attack	attack	1	1	attack	412	288	140	97	-1	100	6	1	1	1	9800029
800030	写轮眼	jineng110	宇智波一族成员的一种特殊瞳术，使用后具有超强的洞察力，可以提升修习者的攻击。	4	6	518;142	4	-1	-1	-1	-1	-1	baseMingZhongAdd:27;7.44	-1	-1	-1	-1	-1	-1	-1	-1	-1	0	attack	attack	1	1	attack	412	288	140	97	-1	100	6	1	1	1	9800030
500012	轮回眼	500012	超凡之能，既能创世，亦可灭世	4	6	518;172	4	-1	-1	-1	-1	-1	baseWuLiPerAdd:0.06;0.02	-1	-1	-1	-1	-1	-1	-1	-1	-1	0	attack	attack	1	1	attack	412	288	140	97	-1	100	6	1	1	1	9500012
500014	忍术宗师	500014	擅长诸多忍术，增强技能伤害。	4	6	518;186	4	-1	-1	-1	-1	-1	baseBaoJiAdd:20;7.2	-1	-1	-1	-1	-1	-1	-1	-1	-1	0	attack	attack	1	1	attack	412	288	140	97	-1	100	6	1	1	1	9500014
500016	八门遁甲	jineng26	解除身体对查克拉的限制，使使用者获得更强的力量。	3	6	345;345	4	-1	-1	-1	-1	-1	baseShenFaPerAdd:0.02;0.02	-1	-1	-1	-1	-1	-1	-1	-1	-1	0	attack	attack	1	1	attack	320	224	108	76	-1	50	5	1	1	1	9500016
500017	神威	500017	将自身或周围物品从现实和异空间之间来回转移，令人无法命中。	4	6	518;159	4	-1	-1	-1	-1	-1	baseShanBiAdd:26;8	-1	-1	-1	-1	-1	-1	-1	-1	-1	0	attack	attack	1	1	attack	412	288	140	97	-1	100	6	1	1	1	9500017
500019	白眼	500019	日向家的血继界限，具有洞察人体的力量	3	6	345;95	4	-1	-1	-1	-1	-1	baseHuiXinAdd:27;7.44	-1	-1	-1	-1	-1	-1	-1	-1	-1	0	attack	attack	0	1	attack	320	224	108	76	-1	50	5	1	1	1	9500019
500024	写轮眼	jineng110	宇智波一族成员的一种特殊瞳术，使用后具有超强的洞察力，可以提升修习者的攻击，较难释放	4	6	432;197	3	5	0	4	6	30;13.7	-1	27	27	27	-1	-1	-1	0	0	0	0	attack	attack	0	1	attack	400	280	136	95	-1	100	6	1	1	1	9500024
500025	神乐心眼	jineng180	火影中最强的感知忍术之一	3	6	345;178	4	-1	-1	-1	-1	-1	baseMingZhongAdd:11;5.68	-1	-1	-1	-1	-1	-1	-1	-1	-1	0	attack	attack	1	1	attack	320	224	108	76	-1	50	5	1	1	1	9500016
500026	柔步双狮拳	jineng71	将查克拉集结于双狮形成凶猛的蓝色狮子脸孔进行攻击，较易释放	4	6	280;181	1	2	7	0	3	35;22.7	-1	30	30	30	-1	-1	-1	0	0	0	2	attack	attack	0	1	attack	400	280	136	95	-1	100	6	1	1	1	9130003
500027	雷遁护甲	jineng116	雷遁查克拉遍布全身，极大量地提高肉体的防御力。	4	6	518;388	4	-1	-1	-1	-1	-1	baseFangYuPerAdd:0.04;0.03	-1	-1	-1	-1	-1	-1	-1	-1	-1	0	attack	attack	1	1	attack	412	288	140	97	-1	100	6	1	1	1	9500016
500028	四本贯手	jineng26	号称最强之矛的雷遁忍术，	4	6	187;81	1	4	9	0	1	15;6.5	-1	25	25	25	-1	-1	-1	0	0	0	2	attack	attack	0	1	attack	400	280	136	95	-1	100	6	1	1	1	9500015
500029	伊邪那岐	jineng110	能自由控制幻术与现实的界限，向自己释放，宇智波一族的究极瞳术。	4	6	518;159	4	-1	-1	-1	-1	-1	baseShanBiAdd:18;10	-1	-1	-1	-1	-1	-1	-1	-1	-1	0	attack	attack	1	1	attack	412	288	140	97	-1	100	6	1	1	1	9500017
500030	火遁·起爆符	jineng8	"手掌拍地令对手脚下地面下沉显露多张起爆符,自来也与长门都吃过这一招的亏。较难释放"	4	6	432;172	2	5	3	7	0	19;8.2	-1	33	33	33	-1	-1	-1	0	0	0	0	attack	attack	0	1	attack	119	83	40	28	-1	15	2	1	1	1	9300000
500031	驱逐言灵	jineng155	以愰金绳迫使敌人吐出自己的言灵，便于之后发起攻击。	3	6	345;86	4	-1	-1	-1	-1	-1	baseWuLiPerAdd:0.04;0.01	-1	-1	-1	-1	-1	-1	-1	-1	-1	0	attack	attack	1	1	attack	320	224	108	76	-1	50	5	1	1	1	9420003
500032	言灵诅咒	jineng155	于七星剑上录下对手的言灵并加以诅咒。	3	6	345;172	4	-1	-1	-1	-1	-1	baseShenFaPerAdd:0.02;0.01	-1	-1	-1	-1	-1	-1	-1	-1	-1	0	attack	attack	1	1	attack	320	224	108	76	-1	50	5	1	1	1	9420012
500033	居合斩	jineng136	日本剑术诸技的一环，拔刀即斩，刀唯斩时方为物忍。较难释放	3	6	288;99	1	2	7	0	3	60;22	-1	17	17	17	-1	-1	-1	0	0	0	0	attack	attack	1	2	attack	267	186	90	63	-1	50	5	1	1	1	9200003
500034	魔幻·奈落见	jineng137	令对手见到最能引发心中恐惧的场面，奈落见的奥义。	3	6	345;239	4	-1	-1	-1	-1	-1	baseHuiXinAdd:9;6.24	-1	-1	-1	-1	-1	-1	-1	-1	-1	0	attack	attack	1	1	attack	320	224	108	76	-1	50	5	1	1	1	9420013
500035	万花筒写轮眼	jineng110	写轮眼的最高境界，想要得到，必须杀死自己最亲密的人作为代价。	4	6	518;172	4	-1	-1	-1	-1	-1	baseNeiLiPerAdd:0.1;0.03	-1	-1	-1	-1	-1	-1	-1	-1	-1	0	attack	attack	1	1	attack	412	288	140	97	-1	100	6	1	1	1	9500012
500036	砂手里剑	jineng121	在砂中注入查克拉使之硬化，快速放出，必定释放。	4	6	432;138	3	2	3	7	0	25;7.5	-1	100	100	100	-1	-1	-1	0	0	0	0	attack	attack	1	1	attack	400	280	136	95	-1	100	6	1	1	1	9330003
500037	白激之术	jineng42	吐出白色液体组成的长龙，令周围一定区域内的空气不断震动，令受攻击者身体麻木，较难释放	4	6	432;316	2	5	3	7	0	15;11	-1	27	27	27	-1	-1	-1	0	0	0	0	attack	attack	0	1	attack	400	280	136	95	-1	100	6	1	1	1	9210001
500038	金沙大葬	jineng75	"沙暴大葬的前身，比之更密集更重 ,较难释放"	4	6	432;151	2	1	4	6	0	17;5.9	-1	26	26	26	-1	-1	-1	0	0	0	0	attack	attack	0	1	attack	400	280	136	95	-1	100	6	1	1	1	9230002
500039	蒸威暴威	jineng37	用水和油制造的小孩外表分身，可以无限自爆，缺点是爆炸之后本体会比较虚弱，较易释放。	3	6	288;162	2	4	4	6	0	15;4.9	-1	33	33	33	-1	-1	-1	0	0	0	0	attack	attack	1	1	attack	267	186	90	63	-1	50	5	1	1	1	9320008
500040	晶遁手里剑	jineng121	制造雪花状的晶体攻击，与普通手里剑的使用方法一样，威力更大，极易释放。	3	6	288;162	2	4	3	7	0	14;5.5	-1	50	50	50	-1	-1	-1	0	0	0	0	attack	attack	1	1	attack	267	186	90	63	-1	50	5	1	1	1	9330003